datetime,deficit_MW
2050-01-01 00:00:00,-90.63
2050-01-01 01:00:00,-948.1
2050-01-01 02:00:00,-1910.67
2050-01-01 03:00:00,-2100.55
2050-01-01 04:00:00,-2195.42
2050-01-01 05:00:00,-2163.16
2050-01-01 06:00:00,-2004.89
2050-01-01 07:00:00,-2071.36
2050-01-01 08:00:00,-1999.15
2050-01-01 09:00:00,-1969.19
2050-01-01 10:00:00,-2010.39
2050-01-01 11:00:00,-2107.68
2050-01-01 12:00:00,-5162.02
2050-01-01 13:00:00,-5138.71
2050-01-01 14:00:00,-3436.47
2050-01-01 15:00:00,-1305.26
2050-01-01 16:00:00,-788.02
2050-01-01 17:00:00,99.04
2050-01-01 18:00:00,1290.71
2050-01-01 19:00:00,652.47
2050-01-01 20:00:00,1103.66
2050-01-01 21:00:00,945.46
2050-01-01 22:00:00,215.29
2050-01-01 23:00:00,-287.25
2050-01-02 00:00:00,-763.51
2050-01-02 01:00:00,71.09
2050-01-02 02:00:00,1311.95
2050-01-02 03:00:00,970.62
2050-01-02 04:00:00,940.41
2050-01-02 05:00:00,1294.26
2050-01-02 06:00:00,1642.1
2050-01-02 07:00:00,1827.29
2050-01-02 08:00:00,1344.83
2050-01-02 09:00:00,157.58
2050-01-02 10:00:00,-1426.86
2050-01-02 11:00:00,-1957.23
2050-01-02 12:00:00,-2888.25
2050-01-02 13:00:00,-1131.8
2050-01-02 14:00:00,388.69
2050-01-02 15:00:00,831.15
2050-01-02 16:00:00,1706.06
2050-01-02 17:00:00,1866.67
2050-01-02 18:00:00,2396.25
2050-01-02 19:00:00,1575.16
2050-01-02 20:00:00,1487.92
2050-01-02 21:00:00,1803.39
2050-01-02 22:00:00,2455.15
2050-01-02 23:00:00,3291.79
2050-01-03 00:00:00,3257.28
2050-01-03 01:00:00,3093.45
2050-01-03 02:00:00,2390.16
2050-01-03 03:00:00,2055.51
2050-01-03 04:00:00,1823.74
2050-01-03 05:00:00,1886.13
2050-01-03 06:00:00,1572.88
2050-01-03 07:00:00,1595.76
2050-01-03 08:00:00,919.16
2050-01-03 09:00:00,697.29
2050-01-03 10:00:00,534.09
2050-01-03 11:00:00,-245.57
2050-01-03 12:00:00,-3714.39
2050-01-03 13:00:00,-4127.52
2050-01-03 14:00:00,-3388.18
2050-01-03 15:00:00,-2122.29
2050-01-03 16:00:00,902.52
2050-01-03 17:00:00,924.08
2050-01-03 18:00:00,1610.56
2050-01-03 19:00:00,1362.79
2050-01-03 20:00:00,1422.85
2050-01-03 21:00:00,2433.53
2050-01-03 22:00:00,2220.16
2050-01-03 23:00:00,1457.52
2050-01-04 00:00:00,1790.3
2050-01-04 01:00:00,982.67
2050-01-04 02:00:00,1055.03
2050-01-04 03:00:00,711.71
2050-01-04 04:00:00,-263.05
2050-01-04 05:00:00,-706.89
2050-01-04 06:00:00,-208.49
2050-01-04 07:00:00,305.69
2050-01-04 08:00:00,-493.15
2050-01-04 09:00:00,-1522.52
2050-01-04 10:00:00,-2628.21
2050-01-04 11:00:00,-3202.61
2050-01-04 12:00:00,-3366.58
2050-01-04 13:00:00,-1349.5
2050-01-04 14:00:00,-1507.39
2050-01-04 15:00:00,-2213.49
2050-01-04 16:00:00,-1649.6
2050-01-04 17:00:00,-776.91
2050-01-04 18:00:00,-802.19
2050-01-04 19:00:00,-450.1
2050-01-04 20:00:00,-296.89
2050-01-04 21:00:00,-327.26
2050-01-04 22:00:00,-509.72
2050-01-04 23:00:00,-761.42
2050-01-05 00:00:00,-1054.95
2050-01-05 01:00:00,-1177.88
2050-01-05 02:00:00,-1368.27
2050-01-05 03:00:00,-1459.28
2050-01-05 04:00:00,-1508.16
2050-01-05 05:00:00,-1487.3
2050-01-05 06:00:00,-1354.9
2050-01-05 07:00:00,-1257.08
2050-01-05 08:00:00,-1497.4
2050-01-05 09:00:00,-1458.49
2050-01-05 10:00:00,-1621.83
2050-01-05 11:00:00,-1814.31
2050-01-05 12:00:00,-1912.43
2050-01-05 13:00:00,-1560.8
2050-01-05 14:00:00,-1234.94
2050-01-05 15:00:00,-1566.57
2050-01-05 16:00:00,-1278.77
2050-01-05 17:00:00,138.79
2050-01-05 18:00:00,173.83
2050-01-05 19:00:00,45.75
2050-01-05 20:00:00,531.04
2050-01-05 21:00:00,642.84
2050-01-05 22:00:00,1012.36
2050-01-05 23:00:00,1987.76
2050-01-06 00:00:00,1921.5
2050-01-06 01:00:00,1570.07
2050-01-06 02:00:00,1919.07
2050-01-06 03:00:00,2390.51
2050-01-06 04:00:00,2389.44
2050-01-06 05:00:00,2128.18
2050-01-06 06:00:00,2285.48
2050-01-06 07:00:00,1782.33
2050-01-06 08:00:00,1147.06
2050-01-06 09:00:00,616.28
2050-01-06 10:00:00,903.15
2050-01-06 11:00:00,-2377.27
2050-01-06 12:00:00,-2736.95
2050-01-06 13:00:00,-1471.72
2050-01-06 14:00:00,721.62
2050-01-06 15:00:00,1058.67
2050-01-06 16:00:00,1003.78
2050-01-06 17:00:00,1518.1
2050-01-06 18:00:00,2028.47
2050-01-06 19:00:00,2019.73
2050-01-06 20:00:00,2102.29
2050-01-06 21:00:00,1047.74
2050-01-06 22:00:00,1617.27
2050-01-06 23:00:00,1154.65
2050-01-07 00:00:00,823.88
2050-01-07 01:00:00,387.4
2050-01-07 02:00:00,165.2
2050-01-07 03:00:00,318.5
2050-01-07 04:00:00,418.85
2050-01-07 05:00:00,668.41
2050-01-07 06:00:00,1394.7
2050-01-07 07:00:00,387.23
2050-01-07 08:00:00,-1125.31
2050-01-07 09:00:00,-473.04
2050-01-07 10:00:00,-1058.16
2050-01-07 11:00:00,-1941.86
2050-01-07 12:00:00,-2860.39
2050-01-07 13:00:00,-2687.7
2050-01-07 14:00:00,-1194.37
2050-01-07 15:00:00,-144.36
2050-01-07 16:00:00,616.36
2050-01-07 17:00:00,389.81
2050-01-07 18:00:00,491.84
2050-01-07 19:00:00,747.76
2050-01-07 20:00:00,420.67
2050-01-07 21:00:00,388.5
2050-01-07 22:00:00,618.07
2050-01-07 23:00:00,112.29
2050-01-08 00:00:00,-353.75
2050-01-08 01:00:00,261.38
2050-01-08 02:00:00,-698.01
2050-01-08 03:00:00,-992.39
2050-01-08 04:00:00,-1397.03
2050-01-08 05:00:00,-1104.68
2050-01-08 06:00:00,-839.17
2050-01-08 07:00:00,-813.23
2050-01-08 08:00:00,-2820.18
2050-01-08 09:00:00,161.69
2050-01-08 10:00:00,94.69
2050-01-08 11:00:00,191.62
2050-01-08 12:00:00,770.73
2050-01-08 13:00:00,875.47
2050-01-08 14:00:00,904.89
2050-01-08 15:00:00,1434.28
2050-01-08 16:00:00,1557.11
2050-01-08 17:00:00,1502.68
2050-01-08 18:00:00,2492.33
2050-01-08 19:00:00,2242.34
2050-01-08 20:00:00,2310.1
2050-01-08 21:00:00,2247.73
2050-01-08 22:00:00,1740.2
2050-01-08 23:00:00,1056.78
2050-01-09 00:00:00,285.14
2050-01-09 01:00:00,-730.51
2050-01-09 02:00:00,-86.54
2050-01-09 03:00:00,-756.26
2050-01-09 04:00:00,-408.34
2050-01-09 05:00:00,-815.64
2050-01-09 06:00:00,-537.67
2050-01-09 07:00:00,-252.72
2050-01-09 08:00:00,-2695.63
2050-01-09 09:00:00,-3451.33
2050-01-09 10:00:00,-4276.73
2050-01-09 11:00:00,-3420.04
2050-01-09 12:00:00,-3612.78
2050-01-09 13:00:00,-2949.5
2050-01-09 14:00:00,-1543.92
2050-01-09 15:00:00,-284.62
2050-01-09 16:00:00,389.05
2050-01-09 17:00:00,1133.7
2050-01-09 18:00:00,1095.56
2050-01-09 19:00:00,845.24
2050-01-09 20:00:00,886.91
2050-01-09 21:00:00,1239.12
2050-01-09 22:00:00,834.96
2050-01-09 23:00:00,911.2
2050-01-10 00:00:00,396.33
2050-01-10 01:00:00,501.84
2050-01-10 02:00:00,124.48
2050-01-10 03:00:00,380.19
2050-01-10 04:00:00,-200.98
2050-01-10 05:00:00,239.24
2050-01-10 06:00:00,71.13
2050-01-10 07:00:00,-64.4
2050-01-10 08:00:00,-336.57
2050-01-10 09:00:00,-741.45
2050-01-10 10:00:00,-592.84
2050-01-10 11:00:00,-281.47
2050-01-10 12:00:00,-1289.2
2050-01-10 13:00:00,-850.08
2050-01-10 14:00:00,-1633.03
2050-01-10 15:00:00,-686.92
2050-01-10 16:00:00,697.94
2050-01-10 17:00:00,899.37
2050-01-10 18:00:00,1083.19
2050-01-10 19:00:00,1548.49
2050-01-10 20:00:00,1355.84
2050-01-10 21:00:00,719.33
2050-01-10 22:00:00,89.2
2050-01-10 23:00:00,-205.03
2050-01-11 00:00:00,-643.73
2050-01-11 01:00:00,-796.75
2050-01-11 02:00:00,-959.09
2050-01-11 03:00:00,-1094.11
2050-01-11 04:00:00,-1135.18
2050-01-11 05:00:00,-1095.03
2050-01-11 06:00:00,-826.66
2050-01-11 07:00:00,-615.05
2050-01-11 08:00:00,-2698.64
2050-01-11 09:00:00,-2605.57
2050-01-11 10:00:00,-2945.81
2050-01-11 11:00:00,-2807.3
2050-01-11 12:00:00,-2755.5
2050-01-11 13:00:00,-2826.53
2050-01-11 14:00:00,-2113.42
2050-01-11 15:00:00,-110.51
2050-01-11 16:00:00,2252.16
2050-01-11 17:00:00,2303.66
2050-01-11 18:00:00,2271.69
2050-01-11 19:00:00,2489.26
2050-01-11 20:00:00,2636.44
2050-01-11 21:00:00,2404.77
2050-01-11 22:00:00,2255.76
2050-01-11 23:00:00,1816.19
2050-01-12 00:00:00,1001.51
2050-01-12 01:00:00,667.34
2050-01-12 02:00:00,-427.86
2050-01-12 03:00:00,-260.63
2050-01-12 04:00:00,-1146.17
2050-01-12 05:00:00,-1135.26
2050-01-12 06:00:00,-1151.18
2050-01-12 07:00:00,-1084.99
2050-01-12 08:00:00,-1597.05
2050-01-12 09:00:00,-1735.89
2050-01-12 10:00:00,-5431.82
2050-01-12 11:00:00,-5709.33
2050-01-12 12:00:00,-5626.56
2050-01-12 13:00:00,-3669.78
2050-01-12 14:00:00,-3069.67
2050-01-12 15:00:00,-2614.39
2050-01-12 16:00:00,-1572.81
2050-01-12 17:00:00,253.63
2050-01-12 18:00:00,635.66
2050-01-12 19:00:00,1506.58
2050-01-12 20:00:00,1070.29
2050-01-12 21:00:00,708.4
2050-01-12 22:00:00,136.96
2050-01-12 23:00:00,-24.24
2050-01-13 00:00:00,-273.8
2050-01-13 01:00:00,-284.97
2050-01-13 02:00:00,-437.77
2050-01-13 03:00:00,-516.29
2050-01-13 04:00:00,-429.5
2050-01-13 05:00:00,-630.9
2050-01-13 06:00:00,-489.61
2050-01-13 07:00:00,-492.04
2050-01-13 08:00:00,-560.4
2050-01-13 09:00:00,-960.6
2050-01-13 10:00:00,-3035.79
2050-01-13 11:00:00,-1757.72
2050-01-13 12:00:00,-3166.06
2050-01-13 13:00:00,-2523.14
2050-01-13 14:00:00,186.63
2050-01-13 15:00:00,-342.99
2050-01-13 16:00:00,1158.73
2050-01-13 17:00:00,1290.21
2050-01-13 18:00:00,1812.69
2050-01-13 19:00:00,1706.74
2050-01-13 20:00:00,2830.84
2050-01-13 21:00:00,2904.45
2050-01-13 22:00:00,2446.2
2050-01-13 23:00:00,1732.88
2050-01-14 00:00:00,1053.39
2050-01-14 01:00:00,1803.71
2050-01-14 02:00:00,1206.68
2050-01-14 03:00:00,1600.07
2050-01-14 04:00:00,1310.42
2050-01-14 05:00:00,1242.69
2050-01-14 06:00:00,1226.54
2050-01-14 07:00:00,1477.7
2050-01-14 08:00:00,352.51
2050-01-14 09:00:00,-374.48
2050-01-14 10:00:00,-1055.14
2050-01-14 11:00:00,-289.34
2050-01-14 12:00:00,-806.65
2050-01-14 13:00:00,-3116.67
2050-01-14 14:00:00,-2351.89
2050-01-14 15:00:00,-1242.52
2050-01-14 16:00:00,269.67
2050-01-14 17:00:00,1248.81
2050-01-14 18:00:00,2433.07
2050-01-14 19:00:00,2567.08
2050-01-14 20:00:00,2777.15
2050-01-14 21:00:00,3015.75
2050-01-14 22:00:00,2694.38
2050-01-14 23:00:00,2245.56
2050-01-15 00:00:00,1789.41
2050-01-15 01:00:00,1142.81
2050-01-15 02:00:00,343.92
2050-01-15 03:00:00,359.18
2050-01-15 04:00:00,305.66
2050-01-15 05:00:00,327.54
2050-01-15 06:00:00,532.03
2050-01-15 07:00:00,946.81
2050-01-15 08:00:00,-2590.14
2050-01-15 09:00:00,-2607.81
2050-01-15 10:00:00,-2648.03
2050-01-15 11:00:00,-3923.58
2050-01-15 12:00:00,-2924.95
2050-01-15 13:00:00,-2942.12
2050-01-15 14:00:00,-2308.05
2050-01-15 15:00:00,-741.85
2050-01-15 16:00:00,210.07
2050-01-15 17:00:00,495.67
2050-01-15 18:00:00,887.28
2050-01-15 19:00:00,2484.24
2050-01-15 20:00:00,3091.02
2050-01-15 21:00:00,2549.58
2050-01-15 22:00:00,2595.09
2050-01-15 23:00:00,2170.6
2050-01-16 00:00:00,2220.57
2050-01-16 01:00:00,1557.0
2050-01-16 02:00:00,2249.8
2050-01-16 03:00:00,1880.26
2050-01-16 04:00:00,2344.63
2050-01-16 05:00:00,1573.11
2050-01-16 06:00:00,1310.29
2050-01-16 07:00:00,2857.68
2050-01-16 08:00:00,597.88
2050-01-16 09:00:00,571.43
2050-01-16 10:00:00,134.98
2050-01-16 11:00:00,-2864.93
2050-01-16 12:00:00,-768.96
2050-01-16 13:00:00,-4101.89
2050-01-16 14:00:00,-756.99
2050-01-16 15:00:00,-1717.96
2050-01-16 16:00:00,-1743.45
2050-01-16 17:00:00,-1805.84
2050-01-16 18:00:00,-1513.97
2050-01-16 19:00:00,-1202.88
2050-01-16 20:00:00,-989.4
2050-01-16 21:00:00,-1000.83
2050-01-16 22:00:00,-1142.59
2050-01-16 23:00:00,-1382.77
2050-01-17 00:00:00,-1652.93
2050-01-17 01:00:00,-1752.86
2050-01-17 02:00:00,-1931.89
2050-01-17 03:00:00,-1971.19
2050-01-17 04:00:00,-2059.45
2050-01-17 05:00:00,-746.09
2050-01-17 06:00:00,250.26
2050-01-17 07:00:00,22.14
2050-01-17 08:00:00,-909.96
2050-01-17 09:00:00,-667.3
2050-01-17 10:00:00,-1747.78
2050-01-17 11:00:00,-3594.74
2050-01-17 12:00:00,-2054.17
2050-01-17 13:00:00,-962.32
2050-01-17 14:00:00,-216.38
2050-01-17 15:00:00,524.95
2050-01-17 16:00:00,617.74
2050-01-17 17:00:00,1112.59
2050-01-17 18:00:00,966.5
2050-01-17 19:00:00,409.65
2050-01-17 20:00:00,1527.69
2050-01-17 21:00:00,837.03
2050-01-17 22:00:00,332.49
2050-01-17 23:00:00,88.84
2050-01-18 00:00:00,-616.27
2050-01-18 01:00:00,148.05
2050-01-18 02:00:00,-774.99
2050-01-18 03:00:00,-1464.43
2050-01-18 04:00:00,-1342.68
2050-01-18 05:00:00,-2355.08
2050-01-18 06:00:00,-2063.69
2050-01-18 07:00:00,-1159.45
2050-01-18 08:00:00,-1797.54
2050-01-18 09:00:00,-1637.45
2050-01-18 10:00:00,-1061.13
2050-01-18 11:00:00,-2207.17
2050-01-18 12:00:00,-3552.73
2050-01-18 13:00:00,-4025.76
2050-01-18 14:00:00,-2189.29
2050-01-18 15:00:00,-2278.47
2050-01-18 16:00:00,-551.92
2050-01-18 17:00:00,-1791.08
2050-01-18 18:00:00,-1430.04
2050-01-18 19:00:00,-1152.74
2050-01-18 20:00:00,-8.9
2050-01-18 21:00:00,180.01
2050-01-18 22:00:00,-1007.38
2050-01-18 23:00:00,-801.52
2050-01-19 00:00:00,-791.25
2050-01-19 01:00:00,-1263.59
2050-01-19 02:00:00,-714.05
2050-01-19 03:00:00,-480.87
2050-01-19 04:00:00,-479.46
2050-01-19 05:00:00,-666.2
2050-01-19 06:00:00,-386.8
2050-01-19 07:00:00,-369.92
2050-01-19 08:00:00,-1023.83
2050-01-19 09:00:00,-1448.09
2050-01-19 10:00:00,-2136.53
2050-01-19 11:00:00,-2617.26
2050-01-19 12:00:00,-2193.94
2050-01-19 13:00:00,-2063.51
2050-01-19 14:00:00,-2356.45
2050-01-19 15:00:00,-2625.36
2050-01-19 16:00:00,-2588.28
2050-01-19 17:00:00,-2088.63
2050-01-19 18:00:00,-1642.6
2050-01-19 19:00:00,-1289.46
2050-01-19 20:00:00,-1084.97
2050-01-19 21:00:00,-1056.39
2050-01-19 22:00:00,-1219.57
2050-01-19 23:00:00,-1418.55
2050-01-20 00:00:00,-1594.33
2050-01-20 01:00:00,-827.8
2050-01-20 02:00:00,-1107.76
2050-01-20 03:00:00,-1236.96
2050-01-20 04:00:00,-449.45
2050-01-20 05:00:00,340.44
2050-01-20 06:00:00,1238.08
2050-01-20 07:00:00,1234.73
2050-01-20 08:00:00,1413.99
2050-01-20 09:00:00,664.67
2050-01-20 10:00:00,65.63
2050-01-20 11:00:00,-1230.66
2050-01-20 12:00:00,-779.84
2050-01-20 13:00:00,-1431.62
2050-01-20 14:00:00,-1994.6
2050-01-20 15:00:00,-4104.48
2050-01-20 16:00:00,-1749.05
2050-01-20 17:00:00,-959.92
2050-01-20 18:00:00,-671.92
2050-01-20 19:00:00,-41.0
2050-01-20 20:00:00,869.98
2050-01-20 21:00:00,502.52
2050-01-20 22:00:00,561.3
2050-01-20 23:00:00,856.7
2050-01-21 00:00:00,476.97
2050-01-21 01:00:00,664.71
2050-01-21 02:00:00,906.68
2050-01-21 03:00:00,1066.79
2050-01-21 04:00:00,1502.18
2050-01-21 05:00:00,1073.94
2050-01-21 06:00:00,674.11
2050-01-21 07:00:00,832.71
2050-01-21 08:00:00,864.07
2050-01-21 09:00:00,-99.33
2050-01-21 10:00:00,-667.39
2050-01-21 11:00:00,-234.58
2050-01-21 12:00:00,-1377.97
2050-01-21 13:00:00,-314.36
2050-01-21 14:00:00,-278.28
2050-01-21 15:00:00,238.81
2050-01-21 16:00:00,1466.88
2050-01-21 17:00:00,1520.76
2050-01-21 18:00:00,2592.76
2050-01-21 19:00:00,2996.19
2050-01-21 20:00:00,3007.0
2050-01-21 21:00:00,3464.96
2050-01-21 22:00:00,2816.51
2050-01-21 23:00:00,2619.75
2050-01-22 00:00:00,2120.66
2050-01-22 01:00:00,2076.15
2050-01-22 02:00:00,1968.83
2050-01-22 03:00:00,2032.41
2050-01-22 04:00:00,2356.67
2050-01-22 05:00:00,1802.56
2050-01-22 06:00:00,2439.58
2050-01-22 07:00:00,2465.62
2050-01-22 08:00:00,20.95
2050-01-22 09:00:00,-1358.2
2050-01-22 10:00:00,-1372.25
2050-01-22 11:00:00,-1573.25
2050-01-22 12:00:00,-1806.08
2050-01-22 13:00:00,-1365.78
2050-01-22 14:00:00,-646.63
2050-01-22 15:00:00,689.15
2050-01-22 16:00:00,2930.92
2050-01-22 17:00:00,3295.82
2050-01-22 18:00:00,3579.9
2050-01-22 19:00:00,3970.04
2050-01-22 20:00:00,4171.57
2050-01-22 21:00:00,3286.31
2050-01-22 22:00:00,2749.36
2050-01-22 23:00:00,2323.29
2050-01-23 00:00:00,1477.21
2050-01-23 01:00:00,503.82
2050-01-23 02:00:00,-382.8
2050-01-23 03:00:00,-824.12
2050-01-23 04:00:00,-1690.02
2050-01-23 05:00:00,-1671.74
2050-01-23 06:00:00,-1486.47
2050-01-23 07:00:00,-1323.53
2050-01-23 08:00:00,-3749.75
2050-01-23 09:00:00,-1748.33
2050-01-23 10:00:00,-1889.87
2050-01-23 11:00:00,-2023.82
2050-01-23 12:00:00,-2334.41
2050-01-23 13:00:00,-3039.21
2050-01-23 14:00:00,-3174.29
2050-01-23 15:00:00,-3016.45
2050-01-23 16:00:00,-2269.23
2050-01-23 17:00:00,-1696.1
2050-01-23 18:00:00,-1223.75
2050-01-23 19:00:00,-853.08
2050-01-23 20:00:00,-671.8
2050-01-23 21:00:00,-700.76
2050-01-23 22:00:00,-862.92
2050-01-23 23:00:00,-1074.83
2050-01-24 00:00:00,-1336.89
2050-01-24 01:00:00,-1438.46
2050-01-24 02:00:00,-1559.44
2050-01-24 03:00:00,-1672.66
2050-01-24 04:00:00,-1839.66
2050-01-24 05:00:00,-1905.77
2050-01-24 06:00:00,-1871.69
2050-01-24 07:00:00,-1881.34
2050-01-24 08:00:00,-1938.49
2050-01-24 09:00:00,-2066.0
2050-01-24 10:00:00,-2132.97
2050-01-24 11:00:00,-2311.66
2050-01-24 12:00:00,-2491.42
2050-01-24 13:00:00,-2733.62
2050-01-24 14:00:00,-2418.29
2050-01-24 15:00:00,-2624.6
2050-01-24 16:00:00,-2522.95
2050-01-24 17:00:00,-2034.15
2050-01-24 18:00:00,-1596.33
2050-01-24 19:00:00,-1379.62
2050-01-24 20:00:00,-1382.79
2050-01-24 21:00:00,-1621.67
2050-01-24 22:00:00,-1888.06
2050-01-24 23:00:00,-2012.99
2050-01-25 00:00:00,-2316.96
2050-01-25 01:00:00,-1621.03
2050-01-25 02:00:00,-1848.98
2050-01-25 03:00:00,-2293.32
2050-01-25 04:00:00,-2191.84
2050-01-25 05:00:00,-1584.21
2050-01-25 06:00:00,-685.87
2050-01-25 07:00:00,-1216.65
2050-01-25 08:00:00,-3747.32
2050-01-25 09:00:00,-3090.89
2050-01-25 10:00:00,-4205.93
2050-01-25 11:00:00,-4607.58
2050-01-25 12:00:00,-4107.85
2050-01-25 13:00:00,-4322.21
2050-01-25 14:00:00,-4009.87
2050-01-25 15:00:00,-2513.54
2050-01-25 16:00:00,-554.54
2050-01-25 17:00:00,409.35
2050-01-25 18:00:00,707.49
2050-01-25 19:00:00,169.5
2050-01-25 20:00:00,-306.59
2050-01-25 21:00:00,-994.84
2050-01-25 22:00:00,-1176.37
2050-01-25 23:00:00,-503.89
2050-01-26 00:00:00,-411.82
2050-01-26 01:00:00,-230.43
2050-01-26 02:00:00,245.7
2050-01-26 03:00:00,-323.84
2050-01-26 04:00:00,-1121.68
2050-01-26 05:00:00,-183.27
2050-01-26 06:00:00,407.99
2050-01-26 07:00:00,390.17
2050-01-26 08:00:00,-2746.55
2050-01-26 09:00:00,-3268.08
2050-01-26 10:00:00,-3980.5
2050-01-26 11:00:00,-3876.59
2050-01-26 12:00:00,-4501.84
2050-01-26 13:00:00,-4490.78
2050-01-26 14:00:00,-4149.85
2050-01-26 15:00:00,-2204.8
2050-01-26 16:00:00,-1758.38
2050-01-26 17:00:00,-961.17
2050-01-26 18:00:00,-958.66
2050-01-26 19:00:00,-594.25
2050-01-26 20:00:00,-224.98
2050-01-26 21:00:00,-154.58
2050-01-26 22:00:00,-264.21
2050-01-26 23:00:00,-332.67
2050-01-27 00:00:00,221.6
2050-01-27 01:00:00,59.97
2050-01-27 02:00:00,-266.11
2050-01-27 03:00:00,28.16
2050-01-27 04:00:00,-739.19
2050-01-27 05:00:00,-1016.28
2050-01-27 06:00:00,136.2
2050-01-27 07:00:00,-197.32
2050-01-27 08:00:00,-3246.65
2050-01-27 09:00:00,-4403.49
2050-01-27 10:00:00,-5297.73
2050-01-27 11:00:00,-5482.43
2050-01-27 12:00:00,-3790.25
2050-01-27 13:00:00,-4193.41
2050-01-27 14:00:00,-3320.92
2050-01-27 15:00:00,-2757.27
2050-01-27 16:00:00,-2120.91
2050-01-27 17:00:00,-1360.88
2050-01-27 18:00:00,-763.49
2050-01-27 19:00:00,-403.49
2050-01-27 20:00:00,399.34
2050-01-27 21:00:00,64.2
2050-01-27 22:00:00,-236.31
2050-01-27 23:00:00,-50.66
2050-01-28 00:00:00,-381.98
2050-01-28 01:00:00,380.08
2050-01-28 02:00:00,77.22
2050-01-28 03:00:00,246.04
2050-01-28 04:00:00,324.24
2050-01-28 05:00:00,-268.32
2050-01-28 06:00:00,-300.6
2050-01-28 07:00:00,159.22
2050-01-28 08:00:00,-208.35
2050-01-28 09:00:00,-1029.91
2050-01-28 10:00:00,-1680.25
2050-01-28 11:00:00,-701.88
2050-01-28 12:00:00,-640.29
2050-01-28 13:00:00,-177.56
2050-01-28 14:00:00,1137.17
2050-01-28 15:00:00,1839.94
2050-01-28 16:00:00,2102.68
2050-01-28 17:00:00,2516.41
2050-01-28 18:00:00,2662.21
2050-01-28 19:00:00,3080.21
2050-01-28 20:00:00,3213.24
2050-01-28 21:00:00,3007.73
2050-01-28 22:00:00,2824.44
2050-01-28 23:00:00,2800.76
2050-01-29 00:00:00,2293.82
2050-01-29 01:00:00,2151.71
2050-01-29 02:00:00,1861.82
2050-01-29 03:00:00,1273.31
2050-01-29 04:00:00,1599.78
2050-01-29 05:00:00,130.59
2050-01-29 06:00:00,329.68
2050-01-29 07:00:00,159.16
2050-01-29 08:00:00,223.97
2050-01-29 09:00:00,608.3
2050-01-29 10:00:00,-106.12
2050-01-29 11:00:00,-500.13
2050-01-29 12:00:00,-948.43
2050-01-29 13:00:00,-1018.72
2050-01-29 14:00:00,-1295.04
2050-01-29 15:00:00,-1292.31
2050-01-29 16:00:00,-1080.91
2050-01-29 17:00:00,-503.27
2050-01-29 18:00:00,-17.56
2050-01-29 19:00:00,383.69
2050-01-29 20:00:00,628.73
2050-01-29 21:00:00,538.56
2050-01-29 22:00:00,538.48
2050-01-29 23:00:00,703.65
2050-01-30 00:00:00,693.83
2050-01-30 01:00:00,307.07
2050-01-30 02:00:00,-104.64
2050-01-30 03:00:00,731.5
2050-01-30 04:00:00,1267.09
2050-01-30 05:00:00,1611.61
2050-01-30 06:00:00,2445.58
2050-01-30 07:00:00,2849.69
2050-01-30 08:00:00,-170.37
2050-01-30 09:00:00,-627.9
2050-01-30 10:00:00,-511.05
2050-01-30 11:00:00,-661.54
2050-01-30 12:00:00,-676.93
2050-01-30 13:00:00,-1185.52
2050-01-30 14:00:00,-509.82
2050-01-30 15:00:00,1580.63
2050-01-30 16:00:00,1190.4
2050-01-30 17:00:00,368.77
2050-01-30 18:00:00,46.46
2050-01-30 19:00:00,339.69
2050-01-30 20:00:00,456.46
2050-01-30 21:00:00,413.82
2050-01-30 22:00:00,362.47
2050-01-30 23:00:00,704.08
2050-01-31 00:00:00,1078.91
2050-01-31 01:00:00,1263.09
2050-01-31 02:00:00,1643.26
2050-01-31 03:00:00,2383.39
2050-01-31 04:00:00,2152.35
2050-01-31 05:00:00,2094.72
2050-01-31 06:00:00,2012.75
2050-01-31 07:00:00,1770.56
2050-01-31 08:00:00,1186.57
2050-01-31 09:00:00,71.75
2050-01-31 10:00:00,427.18
2050-01-31 11:00:00,335.88
2050-01-31 12:00:00,478.73
2050-01-31 13:00:00,-336.38
2050-01-31 14:00:00,-649.76
2050-01-31 15:00:00,357.85
2050-01-31 16:00:00,2731.04
2050-01-31 17:00:00,3098.33
2050-01-31 18:00:00,2820.52
2050-01-31 19:00:00,2629.16
2050-01-31 20:00:00,2340.38
2050-01-31 21:00:00,1411.06
2050-01-31 22:00:00,2067.17
2050-01-31 23:00:00,1917.5
2050-02-01 00:00:00,1285.46
2050-02-01 01:00:00,707.44
2050-02-01 02:00:00,323.87
2050-02-01 03:00:00,179.74
2050-02-01 04:00:00,-524.33
2050-02-01 05:00:00,-518.68
2050-02-01 06:00:00,-376.75
2050-02-01 07:00:00,-322.91
2050-02-01 08:00:00,-860.48
2050-02-01 09:00:00,-1810.24
2050-02-01 10:00:00,-2813.91
2050-02-01 11:00:00,-2892.29
2050-02-01 12:00:00,-1548.17
2050-02-01 13:00:00,-2179.42
2050-02-01 14:00:00,-1254.51
2050-02-01 15:00:00,-1084.8
2050-02-01 16:00:00,54.4
2050-02-01 17:00:00,1875.42
2050-02-01 18:00:00,2831.86
2050-02-01 19:00:00,2523.56
2050-02-01 20:00:00,3539.48
2050-02-01 21:00:00,4500.5
2050-02-01 22:00:00,3231.46
2050-02-01 23:00:00,2549.64
2050-02-02 00:00:00,1822.03
2050-02-02 01:00:00,1667.35
2050-02-02 02:00:00,1028.56
2050-02-02 03:00:00,1577.4
2050-02-02 04:00:00,2071.16
2050-02-02 05:00:00,2622.0
2050-02-02 06:00:00,1913.44
2050-02-02 07:00:00,1333.57
2050-02-02 08:00:00,1142.56
2050-02-02 09:00:00,788.73
2050-02-02 10:00:00,-139.0
2050-02-02 11:00:00,514.89
2050-02-02 12:00:00,965.2
2050-02-02 13:00:00,596.48
2050-02-02 14:00:00,1426.65
2050-02-02 15:00:00,529.2
2050-02-02 16:00:00,225.96
2050-02-02 17:00:00,99.31
2050-02-02 18:00:00,315.82
2050-02-02 19:00:00,-82.88
2050-02-02 20:00:00,614.24
2050-02-02 21:00:00,268.64
2050-02-02 22:00:00,401.05
2050-02-02 23:00:00,574.84
2050-02-03 00:00:00,169.86
2050-02-03 01:00:00,-937.11
2050-02-03 02:00:00,-1253.35
2050-02-03 03:00:00,-1394.5
2050-02-03 04:00:00,-970.73
2050-02-03 05:00:00,-798.82
2050-02-03 06:00:00,-227.15
2050-02-03 07:00:00,386.01
2050-02-03 08:00:00,-2135.55
2050-02-03 09:00:00,-2960.01
2050-02-03 10:00:00,-3614.7
2050-02-03 11:00:00,-2089.22
2050-02-03 12:00:00,-4237.45
2050-02-03 13:00:00,-4199.36
2050-02-03 14:00:00,-3563.43
2050-02-03 15:00:00,-3091.27
2050-02-03 16:00:00,-2035.93
2050-02-03 17:00:00,-1068.28
2050-02-03 18:00:00,-330.78
2050-02-03 19:00:00,-44.47
2050-02-03 20:00:00,-111.92
2050-02-03 21:00:00,-500.23
2050-02-03 22:00:00,-656.79
2050-02-03 23:00:00,-876.8
2050-02-04 00:00:00,-997.69
2050-02-04 01:00:00,-943.99
2050-02-04 02:00:00,-1121.35
2050-02-04 03:00:00,-1436.56
2050-02-04 04:00:00,-1220.24
2050-02-04 05:00:00,-1047.02
2050-02-04 06:00:00,-1073.21
2050-02-04 07:00:00,-554.12
2050-02-04 08:00:00,-1229.48
2050-02-04 09:00:00,-1259.44
2050-02-04 10:00:00,-1070.27
2050-02-04 11:00:00,1885.78
2050-02-04 12:00:00,1269.83
2050-02-04 13:00:00,2033.83
2050-02-04 14:00:00,1424.53
2050-02-04 15:00:00,861.42
2050-02-04 16:00:00,1080.37
2050-02-04 17:00:00,1455.09
2050-02-04 18:00:00,2437.29
2050-02-04 19:00:00,2720.51
2050-02-04 20:00:00,3037.91
2050-02-04 21:00:00,2127.79
2050-02-04 22:00:00,1838.36
2050-02-04 23:00:00,1150.93
2050-02-05 00:00:00,819.23
2050-02-05 01:00:00,456.13
2050-02-05 02:00:00,-270.08
2050-02-05 03:00:00,-569.84
2050-02-05 04:00:00,-275.64
2050-02-05 05:00:00,-843.17
2050-02-05 06:00:00,-832.7
2050-02-05 07:00:00,-1232.6
2050-02-05 08:00:00,-4373.8
2050-02-05 09:00:00,-5249.78
2050-02-05 10:00:00,-5924.04
2050-02-05 11:00:00,-6309.96
2050-02-05 12:00:00,-6294.38
2050-02-05 13:00:00,-5921.49
2050-02-05 14:00:00,-5343.79
2050-02-05 15:00:00,-3770.88
2050-02-05 16:00:00,-1192.24
2050-02-05 17:00:00,114.54
2050-02-05 18:00:00,741.09
2050-02-05 19:00:00,77.43
2050-02-05 20:00:00,-153.8
2050-02-05 21:00:00,-12.93
2050-02-05 22:00:00,-42.62
2050-02-05 23:00:00,-286.38
2050-02-06 00:00:00,304.26
2050-02-06 01:00:00,1003.38
2050-02-06 02:00:00,1206.57
2050-02-06 03:00:00,2390.19
2050-02-06 04:00:00,2036.29
2050-02-06 05:00:00,2610.68
2050-02-06 06:00:00,3162.78
2050-02-06 07:00:00,3900.49
2050-02-06 08:00:00,3075.93
2050-02-06 09:00:00,1940.98
2050-02-06 10:00:00,3484.59
2050-02-06 11:00:00,3790.81
2050-02-06 12:00:00,3340.05
2050-02-06 13:00:00,3907.14
2050-02-06 14:00:00,3226.13
2050-02-06 15:00:00,3650.1
2050-02-06 16:00:00,3766.66
2050-02-06 17:00:00,2896.05
2050-02-06 18:00:00,3347.37
2050-02-06 19:00:00,2906.89
2050-02-06 20:00:00,3117.82
2050-02-06 21:00:00,3263.04
2050-02-06 22:00:00,2918.1
2050-02-06 23:00:00,3120.26
2050-02-07 00:00:00,4048.05
2050-02-07 01:00:00,5020.13
2050-02-07 02:00:00,4327.94
2050-02-07 03:00:00,3930.13
2050-02-07 04:00:00,3550.92
2050-02-07 05:00:00,3227.6
2050-02-07 06:00:00,3643.6
2050-02-07 07:00:00,3687.42
2050-02-07 08:00:00,3033.12
2050-02-07 09:00:00,1917.88
2050-02-07 10:00:00,666.64
2050-02-07 11:00:00,268.93
2050-02-07 12:00:00,1045.64
2050-02-07 13:00:00,568.72
2050-02-07 14:00:00,911.73
2050-02-07 15:00:00,2486.6
2050-02-07 16:00:00,1633.03
2050-02-07 17:00:00,1034.88
2050-02-07 18:00:00,1452.61
2050-02-07 19:00:00,1952.37
2050-02-07 20:00:00,2116.62
2050-02-07 21:00:00,2028.87
2050-02-07 22:00:00,392.03
2050-02-07 23:00:00,-107.29
2050-02-08 00:00:00,-412.33
2050-02-08 01:00:00,-397.83
2050-02-08 02:00:00,-192.42
2050-02-08 03:00:00,-210.72
2050-02-08 04:00:00,-670.42
2050-02-08 05:00:00,-186.4
2050-02-08 06:00:00,-203.13
2050-02-08 07:00:00,7.26
2050-02-08 08:00:00,-1601.77
2050-02-08 09:00:00,88.61
2050-02-08 10:00:00,1200.22
2050-02-08 11:00:00,1027.97
2050-02-08 12:00:00,329.37
2050-02-08 13:00:00,859.28
2050-02-08 14:00:00,-1713.51
2050-02-08 15:00:00,-1045.49
2050-02-08 16:00:00,1565.07
2050-02-08 17:00:00,1449.23
2050-02-08 18:00:00,1341.34
2050-02-08 19:00:00,2122.78
2050-02-08 20:00:00,1840.47
2050-02-08 21:00:00,1859.32
2050-02-08 22:00:00,2065.59
2050-02-08 23:00:00,2365.74
2050-02-09 00:00:00,2499.98
2050-02-09 01:00:00,2782.27
2050-02-09 02:00:00,2808.19
2050-02-09 03:00:00,2804.47
2050-02-09 04:00:00,2061.14
2050-02-09 05:00:00,2084.67
2050-02-09 06:00:00,2672.34
2050-02-09 07:00:00,2637.62
2050-02-09 08:00:00,1595.34
2050-02-09 09:00:00,511.57
2050-02-09 10:00:00,-850.89
2050-02-09 11:00:00,-717.13
2050-02-09 12:00:00,-1477.98
2050-02-09 13:00:00,-1965.7
2050-02-09 14:00:00,-875.61
2050-02-09 15:00:00,-1544.09
2050-02-09 16:00:00,-1563.31
2050-02-09 17:00:00,-1004.28
2050-02-09 18:00:00,-255.25
2050-02-09 19:00:00,-352.75
2050-02-09 20:00:00,-298.12
2050-02-09 21:00:00,-496.32
2050-02-09 22:00:00,-834.7
2050-02-09 23:00:00,-1030.8
2050-02-10 00:00:00,-494.15
2050-02-10 01:00:00,-949.74
2050-02-10 02:00:00,-1192.0
2050-02-10 03:00:00,-1573.19
2050-02-10 04:00:00,-1307.65
2050-02-10 05:00:00,-1396.48
2050-02-10 06:00:00,-1202.74
2050-02-10 07:00:00,-1343.45
2050-02-10 08:00:00,-4475.69
2050-02-10 09:00:00,-5355.88
2050-02-10 10:00:00,-4981.39
2050-02-10 11:00:00,-5762.56
2050-02-10 12:00:00,-6100.16
2050-02-10 13:00:00,-5805.25
2050-02-10 14:00:00,-4879.73
2050-02-10 15:00:00,-2659.02
2050-02-10 16:00:00,-1127.38
2050-02-10 17:00:00,1148.77
2050-02-10 18:00:00,1864.78
2050-02-10 19:00:00,2187.7
2050-02-10 20:00:00,2199.03
2050-02-10 21:00:00,2572.89
2050-02-10 22:00:00,1800.61
2050-02-10 23:00:00,2389.33
2050-02-11 00:00:00,3235.26
2050-02-11 01:00:00,2652.68
2050-02-11 02:00:00,2161.99
2050-02-11 03:00:00,2451.42
2050-02-11 04:00:00,1739.5
2050-02-11 05:00:00,1463.41
2050-02-11 06:00:00,1659.56
2050-02-11 07:00:00,891.53
2050-02-11 08:00:00,-1098.63
2050-02-11 09:00:00,-1388.08
2050-02-11 10:00:00,-1885.12
2050-02-11 11:00:00,-1905.14
2050-02-11 12:00:00,-2627.45
2050-02-11 13:00:00,-2912.27
2050-02-11 14:00:00,-2847.87
2050-02-11 15:00:00,-1896.58
2050-02-11 16:00:00,39.31
2050-02-11 17:00:00,957.46
2050-02-11 18:00:00,2732.62
2050-02-11 19:00:00,2417.34
2050-02-11 20:00:00,3207.95
2050-02-11 21:00:00,2630.41
2050-02-11 22:00:00,2457.44
2050-02-11 23:00:00,753.99
2050-02-12 00:00:00,403.25
2050-02-12 01:00:00,168.43
2050-02-12 02:00:00,-453.21
2050-02-12 03:00:00,-417.89
2050-02-12 04:00:00,-514.7
2050-02-12 05:00:00,77.32
2050-02-12 06:00:00,-417.3
2050-02-12 07:00:00,-5501.74
2050-02-12 08:00:00,1117.79
2050-02-12 09:00:00,1071.56
2050-02-12 10:00:00,2395.44
2050-02-12 11:00:00,2383.45
2050-02-12 12:00:00,1297.97
2050-02-12 13:00:00,1880.75
2050-02-12 14:00:00,2176.1
2050-02-12 15:00:00,2153.14
2050-02-12 16:00:00,1430.96
2050-02-12 17:00:00,2129.41
2050-02-12 18:00:00,3023.26
2050-02-12 19:00:00,2049.87
2050-02-12 20:00:00,1836.39
2050-02-12 21:00:00,810.93
2050-02-12 22:00:00,543.59
2050-02-12 23:00:00,282.9
2050-02-13 00:00:00,840.22
2050-02-13 01:00:00,729.79
2050-02-13 02:00:00,-400.21
2050-02-13 03:00:00,-560.42
2050-02-13 04:00:00,-1429.68
2050-02-13 05:00:00,-1457.46
2050-02-13 06:00:00,-1292.01
2050-02-13 07:00:00,-1629.89
2050-02-13 08:00:00,-4295.88
2050-02-13 09:00:00,-5137.08
2050-02-13 10:00:00,-5810.5
2050-02-13 11:00:00,-4865.97
2050-02-13 12:00:00,-5538.84
2050-02-13 13:00:00,-3445.9
2050-02-13 14:00:00,-1435.66
2050-02-13 15:00:00,-1794.13
2050-02-13 16:00:00,-1055.86
2050-02-13 17:00:00,-56.63
2050-02-13 18:00:00,-385.79
2050-02-13 19:00:00,-199.84
2050-02-13 20:00:00,-38.7
2050-02-13 21:00:00,-81.58
2050-02-13 22:00:00,-224.67
2050-02-13 23:00:00,-524.49
2050-02-14 00:00:00,-799.7
2050-02-14 01:00:00,-557.47
2050-02-14 02:00:00,-66.02
2050-02-14 03:00:00,-629.67
2050-02-14 04:00:00,1141.89
2050-02-14 05:00:00,1041.9
2050-02-14 06:00:00,879.14
2050-02-14 07:00:00,794.8
2050-02-14 08:00:00,-6.14
2050-02-14 09:00:00,-3022.22
2050-02-14 10:00:00,-3002.79
2050-02-14 11:00:00,-3753.08
2050-02-14 12:00:00,-3145.43
2050-02-14 13:00:00,-2650.49
2050-02-14 14:00:00,-2188.49
2050-02-14 15:00:00,-1043.62
2050-02-14 16:00:00,983.67
2050-02-14 17:00:00,2719.93
2050-02-14 18:00:00,2594.93
2050-02-14 19:00:00,2880.89
2050-02-14 20:00:00,3817.54
2050-02-14 21:00:00,3890.24
2050-02-14 22:00:00,3772.29
2050-02-14 23:00:00,3137.37
2050-02-15 00:00:00,2067.15
2050-02-15 01:00:00,1732.88
2050-02-15 02:00:00,486.0
2050-02-15 03:00:00,24.79
2050-02-15 04:00:00,-289.68
2050-02-15 05:00:00,-168.1
2050-02-15 06:00:00,-387.12
2050-02-15 07:00:00,-4511.78
2050-02-15 08:00:00,-3262.6
2050-02-15 09:00:00,-4215.22
2050-02-15 10:00:00,-4562.9
2050-02-15 11:00:00,-4708.71
2050-02-15 12:00:00,-4775.96
2050-02-15 13:00:00,-4703.38
2050-02-15 14:00:00,-4090.26
2050-02-15 15:00:00,-3504.75
2050-02-15 16:00:00,-2583.91
2050-02-15 17:00:00,-1492.31
2050-02-15 18:00:00,-1061.98
2050-02-15 19:00:00,-735.2
2050-02-15 20:00:00,-561.49
2050-02-15 21:00:00,-415.94
2050-02-15 22:00:00,-813.68
2050-02-15 23:00:00,-1112.06
2050-02-16 00:00:00,-1434.23
2050-02-16 01:00:00,-1607.18
2050-02-16 02:00:00,-1821.12
2050-02-16 03:00:00,-1954.43
2050-02-16 04:00:00,-2028.43
2050-02-16 05:00:00,-2059.66
2050-02-16 06:00:00,-1972.8
2050-02-16 07:00:00,-5260.1
2050-02-16 08:00:00,-4771.15
2050-02-16 09:00:00,-5611.69
2050-02-16 10:00:00,-5585.26
2050-02-16 11:00:00,-5848.43
2050-02-16 12:00:00,-6248.03
2050-02-16 13:00:00,-5063.66
2050-02-16 14:00:00,-4411.23
2050-02-16 15:00:00,-3955.99
2050-02-16 16:00:00,-2448.67
2050-02-16 17:00:00,880.94
2050-02-16 18:00:00,644.47
2050-02-16 19:00:00,-29.06
2050-02-16 20:00:00,209.45
2050-02-16 21:00:00,33.75
2050-02-16 22:00:00,-208.88
2050-02-16 23:00:00,-419.55
2050-02-17 00:00:00,-690.22
2050-02-17 01:00:00,-837.63
2050-02-17 02:00:00,-590.53
2050-02-17 03:00:00,98.18
2050-02-17 04:00:00,-191.98
2050-02-17 05:00:00,468.23
2050-02-17 06:00:00,771.68
2050-02-17 07:00:00,139.69
2050-02-17 08:00:00,-163.12
2050-02-17 09:00:00,-1499.88
2050-02-17 10:00:00,-1839.38
2050-02-17 11:00:00,-140.58
2050-02-17 12:00:00,-1265.97
2050-02-17 13:00:00,138.0
2050-02-17 14:00:00,892.83
2050-02-17 15:00:00,661.74
2050-02-17 16:00:00,1962.44
2050-02-17 17:00:00,2349.23
2050-02-17 18:00:00,2436.11
2050-02-17 19:00:00,2797.96
2050-02-17 20:00:00,2792.67
2050-02-17 21:00:00,2257.0
2050-02-17 22:00:00,2623.66
2050-02-17 23:00:00,2555.25
2050-02-18 00:00:00,1915.09
2050-02-18 01:00:00,2102.58
2050-02-18 02:00:00,616.24
2050-02-18 03:00:00,-210.83
2050-02-18 04:00:00,-1210.99
2050-02-18 05:00:00,-1038.97
2050-02-18 06:00:00,-514.41
2050-02-18 07:00:00,-906.25
2050-02-18 08:00:00,141.13
2050-02-18 09:00:00,65.76
2050-02-18 10:00:00,-33.82
2050-02-18 11:00:00,-366.12
2050-02-18 12:00:00,-877.49
2050-02-18 13:00:00,-559.78
2050-02-18 14:00:00,-659.05
2050-02-18 15:00:00,-1077.99
2050-02-18 16:00:00,-524.55
2050-02-18 17:00:00,307.41
2050-02-18 18:00:00,364.24
2050-02-18 19:00:00,841.5
2050-02-18 20:00:00,1447.82
2050-02-18 21:00:00,1396.07
2050-02-18 22:00:00,894.58
2050-02-18 23:00:00,1189.35
2050-02-19 00:00:00,1494.88
2050-02-19 01:00:00,403.72
2050-02-19 02:00:00,-28.25
2050-02-19 03:00:00,312.02
2050-02-19 04:00:00,669.81
2050-02-19 05:00:00,1110.6
2050-02-19 06:00:00,1627.03
2050-02-19 07:00:00,1155.44
2050-02-19 08:00:00,528.64
2050-02-19 09:00:00,-1085.8
2050-02-19 10:00:00,-2180.72
2050-02-19 11:00:00,-3737.58
2050-02-19 12:00:00,-2641.86
2050-02-19 13:00:00,-2114.62
2050-02-19 14:00:00,-1628.13
2050-02-19 15:00:00,-1499.39
2050-02-19 16:00:00,-967.77
2050-02-19 17:00:00,-1291.16
2050-02-19 18:00:00,-696.11
2050-02-19 19:00:00,-475.3
2050-02-19 20:00:00,-266.81
2050-02-19 21:00:00,-368.62
2050-02-19 22:00:00,-594.26
2050-02-19 23:00:00,-881.36
2050-02-20 00:00:00,-1132.83
2050-02-20 01:00:00,-1189.28
2050-02-20 02:00:00,-1372.71
2050-02-20 03:00:00,-1129.75
2050-02-20 04:00:00,-1415.83
2050-02-20 05:00:00,-1390.62
2050-02-20 06:00:00,-1046.91
2050-02-20 07:00:00,-648.93
2050-02-20 08:00:00,-1707.19
2050-02-20 09:00:00,-1616.44
2050-02-20 10:00:00,-1395.16
2050-02-20 11:00:00,-1924.95
2050-02-20 12:00:00,-2938.95
2050-02-20 13:00:00,-398.56
2050-02-20 14:00:00,-592.05
2050-02-20 15:00:00,-2412.46
2050-02-20 16:00:00,-1651.17
2050-02-20 17:00:00,-547.55
2050-02-20 18:00:00,-856.08
2050-02-20 19:00:00,-676.19
2050-02-20 20:00:00,-551.68
2050-02-20 21:00:00,-539.13
2050-02-20 22:00:00,-751.82
2050-02-20 23:00:00,-925.39
2050-02-21 00:00:00,-732.31
2050-02-21 01:00:00,-1165.27
2050-02-21 02:00:00,-925.75
2050-02-21 03:00:00,-828.46
2050-02-21 04:00:00,488.08
2050-02-21 05:00:00,337.65
2050-02-21 06:00:00,260.8
2050-02-21 07:00:00,321.01
2050-02-21 08:00:00,357.9
2050-02-21 09:00:00,-240.15
2050-02-21 10:00:00,263.11
2050-02-21 11:00:00,970.61
2050-02-21 12:00:00,1370.24
2050-02-21 13:00:00,659.03
2050-02-21 14:00:00,225.31
2050-02-21 15:00:00,2025.53
2050-02-21 16:00:00,2311.74
2050-02-21 17:00:00,3076.78
2050-02-21 18:00:00,3257.22
2050-02-21 19:00:00,3449.83
2050-02-21 20:00:00,3209.49
2050-02-21 21:00:00,2801.32
2050-02-21 22:00:00,2312.3
2050-02-21 23:00:00,2241.69
2050-02-22 00:00:00,1734.47
2050-02-22 01:00:00,833.14
2050-02-22 02:00:00,400.56
2050-02-22 03:00:00,737.19
2050-02-22 04:00:00,1114.2
2050-02-22 05:00:00,1334.49
2050-02-22 06:00:00,1014.15
2050-02-22 07:00:00,-1822.94
2050-02-22 08:00:00,-623.28
2050-02-22 09:00:00,-2779.78
2050-02-22 10:00:00,-2732.81
2050-02-22 11:00:00,-2747.02
2050-02-22 12:00:00,-2516.02
2050-02-22 13:00:00,-2748.72
2050-02-22 14:00:00,-2422.76
2050-02-22 15:00:00,-1634.68
2050-02-22 16:00:00,-1375.0
2050-02-22 17:00:00,725.72
2050-02-22 18:00:00,881.18
2050-02-22 19:00:00,1215.65
2050-02-22 20:00:00,376.86
2050-02-22 21:00:00,333.73
2050-02-22 22:00:00,838.38
2050-02-22 23:00:00,856.7
2050-02-23 00:00:00,-1023.59
2050-02-23 01:00:00,-1254.65
2050-02-23 02:00:00,-1703.02
2050-02-23 03:00:00,-1569.99
2050-02-23 04:00:00,-1436.24
2050-02-23 05:00:00,-1308.66
2050-02-23 06:00:00,-673.49
2050-02-23 07:00:00,-1039.86
2050-02-23 08:00:00,-3458.68
2050-02-23 09:00:00,-3930.38
2050-02-23 10:00:00,-3064.26
2050-02-23 11:00:00,-2576.83
2050-02-23 12:00:00,-3424.91
2050-02-23 13:00:00,-2664.48
2050-02-23 14:00:00,-1987.64
2050-02-23 15:00:00,-1796.33
2050-02-23 16:00:00,-948.7
2050-02-23 17:00:00,-1477.36
2050-02-23 18:00:00,-1124.41
2050-02-23 19:00:00,-859.29
2050-02-23 20:00:00,-699.58
2050-02-23 21:00:00,-730.78
2050-02-23 22:00:00,-1151.94
2050-02-23 23:00:00,-1433.93
2050-02-24 00:00:00,-1873.04
2050-02-24 01:00:00,-1962.19
2050-02-24 02:00:00,-1583.69
2050-02-24 03:00:00,-1797.1
2050-02-24 04:00:00,-802.11
2050-02-24 05:00:00,-1468.19
2050-02-24 06:00:00,-1091.78
2050-02-24 07:00:00,-1041.22
2050-02-24 08:00:00,-1997.47
2050-02-24 09:00:00,-2953.61
2050-02-24 10:00:00,-2432.83
2050-02-24 11:00:00,-3450.53
2050-02-24 12:00:00,-3911.82
2050-02-24 13:00:00,-4891.21
2050-02-24 14:00:00,-4591.34
2050-02-24 15:00:00,-4917.47
2050-02-24 16:00:00,-2994.98
2050-02-24 17:00:00,-2078.87
2050-02-24 18:00:00,-1541.65
2050-02-24 19:00:00,-1191.42
2050-02-24 20:00:00,-1001.97
2050-02-24 21:00:00,-996.91
2050-02-24 22:00:00,-1171.0
2050-02-24 23:00:00,-1414.67
2050-02-25 00:00:00,-1719.04
2050-02-25 01:00:00,-1845.21
2050-02-25 02:00:00,-2072.32
2050-02-25 03:00:00,-2194.76
2050-02-25 04:00:00,-2272.63
2050-02-25 05:00:00,-2290.84
2050-02-25 06:00:00,-2190.5
2050-02-25 07:00:00,-2304.7
2050-02-25 08:00:00,-2830.46
2050-02-25 09:00:00,-3103.71
2050-02-25 10:00:00,-3554.63
2050-02-25 11:00:00,-2200.1
2050-02-25 12:00:00,-3117.41
2050-02-25 13:00:00,-1995.61
2050-02-25 14:00:00,-820.79
2050-02-25 15:00:00,-1195.59
2050-02-25 16:00:00,-1894.17
2050-02-25 17:00:00,-952.95
2050-02-25 18:00:00,-388.87
2050-02-25 19:00:00,478.35
2050-02-25 20:00:00,-46.45
2050-02-25 21:00:00,275.72
2050-02-25 22:00:00,651.73
2050-02-25 23:00:00,1426.36
2050-02-26 00:00:00,1593.75
2050-02-26 01:00:00,1909.93
2050-02-26 02:00:00,1837.52
2050-02-26 03:00:00,1418.92
2050-02-26 04:00:00,1107.08
2050-02-26 05:00:00,761.88
2050-02-26 06:00:00,560.06
2050-02-26 07:00:00,-966.21
2050-02-26 08:00:00,-144.88
2050-02-26 09:00:00,-2010.35
2050-02-26 10:00:00,-794.76
2050-02-26 11:00:00,-3216.16
2050-02-26 12:00:00,-2730.67
2050-02-26 13:00:00,-2969.82
2050-02-26 14:00:00,-2479.44
2050-02-26 15:00:00,-536.19
2050-02-26 16:00:00,736.12
2050-02-26 17:00:00,2209.12
2050-02-26 18:00:00,2542.86
2050-02-26 19:00:00,2163.28
2050-02-26 20:00:00,1156.18
2050-02-26 21:00:00,1774.1
2050-02-26 22:00:00,1949.45
2050-02-26 23:00:00,1191.8
2050-02-27 00:00:00,823.96
2050-02-27 01:00:00,-30.66
2050-02-27 02:00:00,466.59
2050-02-27 03:00:00,1309.97
2050-02-27 04:00:00,2050.55
2050-02-27 05:00:00,1738.2
2050-02-27 06:00:00,1531.97
2050-02-27 07:00:00,-1062.58
2050-02-27 08:00:00,-2389.63
2050-02-27 09:00:00,-3156.21
2050-02-27 10:00:00,-3730.55
2050-02-27 11:00:00,-4447.71
2050-02-27 12:00:00,-4488.14
2050-02-27 13:00:00,-3391.47
2050-02-27 14:00:00,-3232.1
2050-02-27 15:00:00,-1188.36
2050-02-27 16:00:00,-150.58
2050-02-27 17:00:00,-534.86
2050-02-27 18:00:00,-318.31
2050-02-27 19:00:00,-319.73
2050-02-27 20:00:00,-343.29
2050-02-27 21:00:00,-367.71
2050-02-27 22:00:00,-460.27
2050-02-27 23:00:00,-862.42
2050-02-28 00:00:00,-1147.2
2050-02-28 01:00:00,-1166.83
2050-02-28 02:00:00,-430.92
2050-02-28 03:00:00,432.49
2050-02-28 04:00:00,-183.4
2050-02-28 05:00:00,408.84
2050-02-28 06:00:00,423.85
2050-02-28 07:00:00,893.85
2050-02-28 08:00:00,-31.81
2050-02-28 09:00:00,-354.95
2050-02-28 10:00:00,-999.61
2050-02-28 11:00:00,15.89
2050-02-28 12:00:00,822.88
2050-02-28 13:00:00,298.51
2050-02-28 14:00:00,-81.01
2050-02-28 15:00:00,-19.56
2050-02-28 16:00:00,-227.22
2050-02-28 17:00:00,-149.56
2050-02-28 18:00:00,931.95
2050-02-28 19:00:00,1899.34
2050-02-28 20:00:00,1547.21
2050-02-28 21:00:00,978.69
2050-02-28 22:00:00,1464.5
2050-02-28 23:00:00,1486.09
2050-03-01 00:00:00,974.57
2050-03-01 01:00:00,1367.36
2050-03-01 02:00:00,1648.68
2050-03-01 03:00:00,2135.32
2050-03-01 04:00:00,1456.81
2050-03-01 05:00:00,1710.68
2050-03-01 06:00:00,2225.54
2050-03-01 07:00:00,2162.83
2050-03-01 08:00:00,2073.76
2050-03-01 09:00:00,1474.35
2050-03-01 10:00:00,1436.63
2050-03-01 11:00:00,-122.43
2050-03-01 12:00:00,-552.04
2050-03-01 13:00:00,-243.97
2050-03-01 14:00:00,-53.19
2050-03-01 15:00:00,323.86
2050-03-01 16:00:00,-680.57
2050-03-01 17:00:00,-1432.84
2050-03-01 18:00:00,-537.38
2050-03-01 19:00:00,-482.98
2050-03-01 20:00:00,-339.59
2050-03-01 21:00:00,-622.66
2050-03-01 22:00:00,-813.12
2050-03-01 23:00:00,-1066.87
2050-03-02 00:00:00,-1379.38
2050-03-02 01:00:00,-1509.3
2050-03-02 02:00:00,-1719.57
2050-03-02 03:00:00,-1815.33
2050-03-02 04:00:00,-1860.55
2050-03-02 05:00:00,-1847.5
2050-03-02 06:00:00,-1733.83
2050-03-02 07:00:00,-3618.13
2050-03-02 08:00:00,-4781.02
2050-03-02 09:00:00,-2328.44
2050-03-02 10:00:00,-2751.97
2050-03-02 11:00:00,-3323.67
2050-03-02 12:00:00,-2912.02
2050-03-02 13:00:00,-3093.93
2050-03-02 14:00:00,-3505.19
2050-03-02 15:00:00,-3011.55
2050-03-02 16:00:00,-2604.59
2050-03-02 17:00:00,-2288.63
2050-03-02 18:00:00,-1730.04
2050-03-02 19:00:00,-1416.57
2050-03-02 20:00:00,-1253.2
2050-03-02 21:00:00,-1270.94
2050-03-02 22:00:00,-1433.28
2050-03-02 23:00:00,-1667.27
2050-03-03 00:00:00,-1957.37
2050-03-03 01:00:00,-2084.96
2050-03-03 02:00:00,-2085.08
2050-03-03 03:00:00,-2341.45
2050-03-03 04:00:00,-1953.33
2050-03-03 05:00:00,-1320.49
2050-03-03 06:00:00,-2007.99
2050-03-03 07:00:00,-3694.48
2050-03-03 08:00:00,-3555.88
2050-03-03 09:00:00,-2998.72
2050-03-03 10:00:00,-2977.31
2050-03-03 11:00:00,-3276.62
2050-03-03 12:00:00,-2770.79
2050-03-03 13:00:00,-2251.15
2050-03-03 14:00:00,-1518.42
2050-03-03 15:00:00,-1103.34
2050-03-03 16:00:00,-193.61
2050-03-03 17:00:00,932.35
2050-03-03 18:00:00,-292.73
2050-03-03 19:00:00,30.99
2050-03-03 20:00:00,579.6
2050-03-03 21:00:00,-27.44
2050-03-03 22:00:00,-455.77
2050-03-03 23:00:00,-1018.59
2050-03-04 00:00:00,-1346.42
2050-03-04 01:00:00,-1466.31
2050-03-04 02:00:00,-1672.71
2050-03-04 03:00:00,-1765.88
2050-03-04 04:00:00,-1539.2
2050-03-04 05:00:00,-1797.59
2050-03-04 06:00:00,-1696.51
2050-03-04 07:00:00,-3420.65
2050-03-04 08:00:00,-4122.04
2050-03-04 09:00:00,-5596.58
2050-03-04 10:00:00,-5917.92
2050-03-04 11:00:00,-6250.91
2050-03-04 12:00:00,-6125.91
2050-03-04 13:00:00,-5620.67
2050-03-04 14:00:00,-5979.13
2050-03-04 15:00:00,-5428.77
2050-03-04 16:00:00,-4129.89
2050-03-04 17:00:00,-2213.58
2050-03-04 18:00:00,-1308.03
2050-03-04 19:00:00,-934.34
2050-03-04 20:00:00,-630.49
2050-03-04 21:00:00,-240.57
2050-03-04 22:00:00,-691.0
2050-03-04 23:00:00,-926.46
2050-03-05 00:00:00,-1286.05
2050-03-05 01:00:00,-958.38
2050-03-05 02:00:00,-1244.72
2050-03-05 03:00:00,-561.05
2050-03-05 04:00:00,-313.25
2050-03-05 05:00:00,123.4
2050-03-05 06:00:00,514.58
2050-03-05 07:00:00,659.52
2050-03-05 08:00:00,-1677.27
2050-03-05 09:00:00,-2486.91
2050-03-05 10:00:00,-3052.4
2050-03-05 11:00:00,-2672.95
2050-03-05 12:00:00,-2076.62
2050-03-05 13:00:00,-1856.89
2050-03-05 14:00:00,317.23
2050-03-05 15:00:00,-567.63
2050-03-05 16:00:00,-606.18
2050-03-05 17:00:00,1069.87
2050-03-05 18:00:00,1887.52
2050-03-05 19:00:00,1971.24
2050-03-05 20:00:00,2308.4
2050-03-05 21:00:00,1710.62
2050-03-05 22:00:00,1556.62
2050-03-05 23:00:00,1749.64
2050-03-06 00:00:00,1412.1
2050-03-06 01:00:00,786.04
2050-03-06 02:00:00,1760.24
2050-03-06 03:00:00,2389.41
2050-03-06 04:00:00,2013.43
2050-03-06 05:00:00,1257.18
2050-03-06 06:00:00,1519.36
2050-03-06 07:00:00,-76.32
2050-03-06 08:00:00,-1053.27
2050-03-06 09:00:00,120.73
2050-03-06 10:00:00,1250.13
2050-03-06 11:00:00,66.92
2050-03-06 12:00:00,1414.39
2050-03-06 13:00:00,987.38
2050-03-06 14:00:00,-219.07
2050-03-06 15:00:00,-408.16
2050-03-06 16:00:00,459.06
2050-03-06 17:00:00,1469.16
2050-03-06 18:00:00,1916.57
2050-03-06 19:00:00,1706.0
2050-03-06 20:00:00,814.67
2050-03-06 21:00:00,956.69
2050-03-06 22:00:00,552.84
2050-03-06 23:00:00,1197.77
2050-03-07 00:00:00,1202.12
2050-03-07 01:00:00,371.23
2050-03-07 02:00:00,-141.56
2050-03-07 03:00:00,13.61
2050-03-07 04:00:00,-194.72
2050-03-07 05:00:00,-509.64
2050-03-07 06:00:00,-81.82
2050-03-07 07:00:00,-2305.39
2050-03-07 08:00:00,-4057.19
2050-03-07 09:00:00,-5623.15
2050-03-07 10:00:00,-6798.15
2050-03-07 11:00:00,-7340.68
2050-03-07 12:00:00,-7437.28
2050-03-07 13:00:00,-6406.99
2050-03-07 14:00:00,-3909.77
2050-03-07 15:00:00,-3039.42
2050-03-07 16:00:00,-3217.44
2050-03-07 17:00:00,-2307.32
2050-03-07 18:00:00,-1792.22
2050-03-07 19:00:00,-1681.06
2050-03-07 20:00:00,-1650.7
2050-03-07 21:00:00,-1690.19
2050-03-07 22:00:00,-1844.7
2050-03-07 23:00:00,-2049.77
2050-03-08 00:00:00,-2291.12
2050-03-08 01:00:00,-2336.21
2050-03-08 02:00:00,-2284.1
2050-03-08 03:00:00,-1162.9
2050-03-08 04:00:00,-661.61
2050-03-08 05:00:00,-963.68
2050-03-08 06:00:00,-13.3
2050-03-08 07:00:00,-473.14
2050-03-08 08:00:00,-547.99
2050-03-08 09:00:00,-1466.42
2050-03-08 10:00:00,-2978.04
2050-03-08 11:00:00,-2945.81
2050-03-08 12:00:00,-3235.3
2050-03-08 13:00:00,-2682.5
2050-03-08 14:00:00,-25.7
2050-03-08 15:00:00,346.92
2050-03-08 16:00:00,310.29
2050-03-08 17:00:00,489.69
2050-03-08 18:00:00,1084.38
2050-03-08 19:00:00,780.45
2050-03-08 20:00:00,905.8
2050-03-08 21:00:00,818.18
2050-03-08 22:00:00,-36.56
2050-03-08 23:00:00,-552.53
2050-03-09 00:00:00,184.61
2050-03-09 01:00:00,-640.14
2050-03-09 02:00:00,-777.07
2050-03-09 03:00:00,-1427.51
2050-03-09 04:00:00,-1254.24
2050-03-09 05:00:00,-969.99
2050-03-09 06:00:00,-996.22
2050-03-09 07:00:00,-3085.17
2050-03-09 08:00:00,-4066.15
2050-03-09 09:00:00,-1626.66
2050-03-09 10:00:00,-905.73
2050-03-09 11:00:00,-612.25
2050-03-09 12:00:00,-817.08
2050-03-09 13:00:00,-924.66
2050-03-09 14:00:00,-199.49
2050-03-09 15:00:00,-1077.22
2050-03-09 16:00:00,-2386.32
2050-03-09 17:00:00,-674.01
2050-03-09 18:00:00,-1028.13
2050-03-09 19:00:00,-1478.95
2050-03-09 20:00:00,-1608.92
2050-03-09 21:00:00,-1633.58
2050-03-09 22:00:00,-1714.32
2050-03-09 23:00:00,-1696.5
2050-03-10 00:00:00,-1721.83
2050-03-10 01:00:00,-714.23
2050-03-10 02:00:00,-639.0
2050-03-10 03:00:00,-477.78
2050-03-10 04:00:00,-1592.63
2050-03-10 05:00:00,-1570.16
2050-03-10 06:00:00,-1579.33
2050-03-10 07:00:00,-2672.6
2050-03-10 08:00:00,-4498.54
2050-03-10 09:00:00,-5526.4
2050-03-10 10:00:00,-4729.81
2050-03-10 11:00:00,-5536.96
2050-03-10 12:00:00,-5524.9
2050-03-10 13:00:00,-1743.74
2050-03-10 14:00:00,-1775.47
2050-03-10 15:00:00,-474.04
2050-03-10 16:00:00,-370.65
2050-03-10 17:00:00,844.52
2050-03-10 18:00:00,594.59
2050-03-10 19:00:00,167.97
2050-03-10 20:00:00,-549.18
2050-03-10 21:00:00,-1130.9
2050-03-10 22:00:00,-1835.38
2050-03-10 23:00:00,-1729.35
2050-03-11 00:00:00,-1592.77
2050-03-11 01:00:00,-1719.03
2050-03-11 02:00:00,-1591.65
2050-03-11 03:00:00,-2523.46
2050-03-11 04:00:00,-1678.93
2050-03-11 05:00:00,-1378.79
2050-03-11 06:00:00,-1975.63
2050-03-11 07:00:00,-1341.16
2050-03-11 08:00:00,-395.65
2050-03-11 09:00:00,-435.02
2050-03-11 10:00:00,-245.21
2050-03-11 11:00:00,-865.91
2050-03-11 12:00:00,-554.27
2050-03-11 13:00:00,-695.49
2050-03-11 14:00:00,-1024.42
2050-03-11 15:00:00,-824.98
2050-03-11 16:00:00,-874.73
2050-03-11 17:00:00,-397.67
2050-03-11 18:00:00,-878.82
2050-03-11 19:00:00,-748.67
2050-03-11 20:00:00,-1050.25
2050-03-11 21:00:00,-1423.69
2050-03-11 22:00:00,-1346.5
2050-03-11 23:00:00,-1276.02
2050-03-12 00:00:00,-1311.51
2050-03-12 01:00:00,-1712.1
2050-03-12 02:00:00,-2665.74
2050-03-12 03:00:00,-2568.35
2050-03-12 04:00:00,-2520.8
2050-03-12 05:00:00,-1459.63
2050-03-12 06:00:00,-1407.89
2050-03-12 07:00:00,-2495.58
2050-03-12 08:00:00,-2350.06
2050-03-12 09:00:00,-3185.06
2050-03-12 10:00:00,-4171.75
2050-03-12 11:00:00,-3693.89
2050-03-12 12:00:00,-4375.74
2050-03-12 13:00:00,-3682.24
2050-03-12 14:00:00,-3215.22
2050-03-12 15:00:00,-3155.83
2050-03-12 16:00:00,-3291.76
2050-03-12 17:00:00,-1871.44
2050-03-12 18:00:00,-1482.17
2050-03-12 19:00:00,-1252.42
2050-03-12 20:00:00,-1198.7
2050-03-12 21:00:00,-1335.66
2050-03-12 22:00:00,-1631.63
2050-03-12 23:00:00,-1967.01
2050-03-13 00:00:00,-2339.35
2050-03-13 01:00:00,-2526.18
2050-03-13 02:00:00,-3116.19
2050-03-13 03:00:00,-2942.61
2050-03-13 04:00:00,-3008.77
2050-03-13 05:00:00,-3041.5
2050-03-13 06:00:00,-2933.02
2050-03-13 07:00:00,-2663.87
2050-03-13 08:00:00,-4260.29
2050-03-13 09:00:00,-4013.76
2050-03-13 10:00:00,-4017.38
2050-03-13 11:00:00,-4486.98
2050-03-13 12:00:00,-3932.88
2050-03-13 13:00:00,-2815.46
2050-03-13 14:00:00,-2066.36
2050-03-13 15:00:00,-1526.33
2050-03-13 16:00:00,79.67
2050-03-13 17:00:00,1605.98
2050-03-13 18:00:00,1281.7
2050-03-13 19:00:00,1128.89
2050-03-13 20:00:00,-190.67
2050-03-13 21:00:00,-741.44
2050-03-13 22:00:00,-370.0
2050-03-13 23:00:00,-2042.74
2050-03-14 00:00:00,-2543.97
2050-03-14 01:00:00,-2755.28
2050-03-14 02:00:00,-3032.42
2050-03-14 03:00:00,-3167.63
2050-03-14 04:00:00,-3239.88
2050-03-14 05:00:00,-3261.81
2050-03-14 06:00:00,-3282.56
2050-03-14 07:00:00,-4154.7
2050-03-14 08:00:00,-5117.57
2050-03-14 09:00:00,-5603.87
2050-03-14 10:00:00,-6329.42
2050-03-14 11:00:00,-6581.43
2050-03-14 12:00:00,-6504.6
2050-03-14 13:00:00,-6251.99
2050-03-14 14:00:00,-5570.82
2050-03-14 15:00:00,-4013.78
2050-03-14 16:00:00,-2984.84
2050-03-14 17:00:00,-2086.58
2050-03-14 18:00:00,-1736.11
2050-03-14 19:00:00,-1624.22
2050-03-14 20:00:00,-1660.62
2050-03-14 21:00:00,-1802.52
2050-03-14 22:00:00,-2076.45
2050-03-14 23:00:00,-2378.33
2050-03-15 00:00:00,-2683.42
2050-03-15 01:00:00,-2783.53
2050-03-15 02:00:00,-2958.36
2050-03-15 03:00:00,-3024.49
2050-03-15 04:00:00,-3047.49
2050-03-15 05:00:00,-3013.55
2050-03-15 06:00:00,-2950.93
2050-03-15 07:00:00,-3331.34
2050-03-15 08:00:00,-3265.79
2050-03-15 09:00:00,-3714.75
2050-03-15 10:00:00,-4119.2
2050-03-15 11:00:00,-4437.18
2050-03-15 12:00:00,-5275.04
2050-03-15 13:00:00,-5281.92
2050-03-15 14:00:00,-4399.82
2050-03-15 15:00:00,-3599.43
2050-03-15 16:00:00,-3115.57
2050-03-15 17:00:00,-2020.22
2050-03-15 18:00:00,-1583.67
2050-03-15 19:00:00,-1269.91
2050-03-15 20:00:00,-1125.15
2050-03-15 21:00:00,-1169.35
2050-03-15 22:00:00,-1354.16
2050-03-15 23:00:00,-487.37
2050-03-16 00:00:00,-1321.94
2050-03-16 01:00:00,-643.06
2050-03-16 02:00:00,-603.35
2050-03-16 03:00:00,-252.65
2050-03-16 04:00:00,-336.57
2050-03-16 05:00:00,-437.32
2050-03-16 06:00:00,-417.99
2050-03-16 07:00:00,-236.95
2050-03-16 08:00:00,-483.92
2050-03-16 09:00:00,-1554.15
2050-03-16 10:00:00,-2223.21
2050-03-16 11:00:00,-1410.64
2050-03-16 12:00:00,-1570.44
2050-03-16 13:00:00,-943.3
2050-03-16 14:00:00,-248.36
2050-03-16 15:00:00,373.81
2050-03-16 16:00:00,81.75
2050-03-16 17:00:00,-240.04
2050-03-16 18:00:00,-332.75
2050-03-16 19:00:00,-376.81
2050-03-16 20:00:00,293.31
2050-03-16 21:00:00,-5.1
2050-03-16 22:00:00,5.38
2050-03-16 23:00:00,-394.81
2050-03-17 00:00:00,-250.78
2050-03-17 01:00:00,-95.7
2050-03-17 02:00:00,-205.09
2050-03-17 03:00:00,-114.33
2050-03-17 04:00:00,330.91
2050-03-17 05:00:00,884.78
2050-03-17 06:00:00,1345.23
2050-03-17 07:00:00,-294.41
2050-03-17 08:00:00,-601.56
2050-03-17 09:00:00,-1752.41
2050-03-17 10:00:00,-2623.07
2050-03-17 11:00:00,-3711.89
2050-03-17 12:00:00,-4295.31
2050-03-17 13:00:00,-4110.14
2050-03-17 14:00:00,-2949.04
2050-03-17 15:00:00,-2772.34
2050-03-17 16:00:00,-579.46
2050-03-17 17:00:00,109.53
2050-03-17 18:00:00,709.56
2050-03-17 19:00:00,1186.46
2050-03-17 20:00:00,655.19
2050-03-17 21:00:00,861.15
2050-03-17 22:00:00,-1053.88
2050-03-17 23:00:00,-356.19
2050-03-18 00:00:00,-3.8
2050-03-18 01:00:00,733.47
2050-03-18 02:00:00,597.39
2050-03-18 03:00:00,1551.47
2050-03-18 04:00:00,1109.26
2050-03-18 05:00:00,566.9
2050-03-18 06:00:00,526.72
2050-03-18 07:00:00,-1579.62
2050-03-18 08:00:00,-2063.53
2050-03-18 09:00:00,-2745.01
2050-03-18 10:00:00,-3099.98
2050-03-18 11:00:00,-3592.9
2050-03-18 12:00:00,-3613.37
2050-03-18 13:00:00,-2917.85
2050-03-18 14:00:00,-2721.52
2050-03-18 15:00:00,-1612.38
2050-03-18 16:00:00,-19.81
2050-03-18 17:00:00,1003.32
2050-03-18 18:00:00,1077.45
2050-03-18 19:00:00,469.66
2050-03-18 20:00:00,104.71
2050-03-18 21:00:00,176.73
2050-03-18 22:00:00,843.5
2050-03-18 23:00:00,409.89
2050-03-19 00:00:00,176.06
2050-03-19 01:00:00,-1184.87
2050-03-19 02:00:00,-1403.08
2050-03-19 03:00:00,-2876.11
2050-03-19 04:00:00,-2786.21
2050-03-19 05:00:00,-2699.94
2050-03-19 06:00:00,-2027.41
2050-03-19 07:00:00,-1375.91
2050-03-19 08:00:00,-1134.16
2050-03-19 09:00:00,-1038.93
2050-03-19 10:00:00,-860.12
2050-03-19 11:00:00,-352.33
2050-03-19 12:00:00,105.13
2050-03-19 13:00:00,831.92
2050-03-19 14:00:00,512.53
2050-03-19 15:00:00,1579.9
2050-03-19 16:00:00,1835.83
2050-03-19 17:00:00,1889.94
2050-03-19 18:00:00,2650.51
2050-03-19 19:00:00,2775.76
2050-03-19 20:00:00,3010.65
2050-03-19 21:00:00,2365.03
2050-03-19 22:00:00,2687.86
2050-03-19 23:00:00,2955.18
2050-03-20 00:00:00,2425.07
2050-03-20 01:00:00,1922.47
2050-03-20 02:00:00,1496.22
2050-03-20 03:00:00,929.14
2050-03-20 04:00:00,497.94
2050-03-20 05:00:00,436.81
2050-03-20 06:00:00,409.41
2050-03-20 07:00:00,885.42
2050-03-20 08:00:00,890.39
2050-03-20 09:00:00,-243.96
2050-03-20 10:00:00,-312.33
2050-03-20 11:00:00,-393.95
2050-03-20 12:00:00,-1122.65
2050-03-20 13:00:00,103.48
2050-03-20 14:00:00,-2143.43
2050-03-20 15:00:00,-965.2
2050-03-20 16:00:00,-1187.57
2050-03-20 17:00:00,-1332.33
2050-03-20 18:00:00,-747.94
2050-03-20 19:00:00,-803.17
2050-03-20 20:00:00,-1001.87
2050-03-20 21:00:00,-1173.8
2050-03-20 22:00:00,-1616.59
2050-03-20 23:00:00,-2031.24
2050-03-21 00:00:00,-1813.13
2050-03-21 01:00:00,-2682.56
2050-03-21 02:00:00,-2994.08
2050-03-21 03:00:00,-3112.8
2050-03-21 04:00:00,-2669.55
2050-03-21 05:00:00,-1392.06
2050-03-21 06:00:00,-1095.33
2050-03-21 07:00:00,-2972.55
2050-03-21 08:00:00,-3481.82
2050-03-21 09:00:00,-3878.19
2050-03-21 10:00:00,-4174.37
2050-03-21 11:00:00,-3971.49
2050-03-21 12:00:00,-3493.58
2050-03-21 13:00:00,-3348.98
2050-03-21 14:00:00,-2984.26
2050-03-21 15:00:00,-2640.47
2050-03-21 16:00:00,-515.21
2050-03-21 17:00:00,254.89
2050-03-21 18:00:00,-32.99
2050-03-21 19:00:00,288.45
2050-03-21 20:00:00,-703.39
2050-03-21 21:00:00,-1077.55
2050-03-21 22:00:00,-1711.56
2050-03-21 23:00:00,-2145.0
2050-03-22 00:00:00,-2363.54
2050-03-22 01:00:00,-1098.45
2050-03-22 02:00:00,-1881.33
2050-03-22 03:00:00,-58.19
2050-03-22 04:00:00,-1823.0
2050-03-22 05:00:00,-1862.29
2050-03-22 06:00:00,-2838.16
2050-03-22 07:00:00,-4868.23
2050-03-22 08:00:00,-5874.89
2050-03-22 09:00:00,-3605.09
2050-03-22 10:00:00,-4196.2
2050-03-22 11:00:00,-2115.4
2050-03-22 12:00:00,-4638.04
2050-03-22 13:00:00,-6243.09
2050-03-22 14:00:00,-3138.75
2050-03-22 15:00:00,-3671.53
2050-03-22 16:00:00,-4147.71
2050-03-22 17:00:00,-2514.92
2050-03-22 18:00:00,-1366.18
2050-03-22 19:00:00,-1671.85
2050-03-22 20:00:00,-1638.06
2050-03-22 21:00:00,-1730.03
2050-03-22 22:00:00,-2073.2
2050-03-22 23:00:00,-2386.0
2050-03-23 00:00:00,-2719.41
2050-03-23 01:00:00,-2952.44
2050-03-23 02:00:00,-3212.65
2050-03-23 03:00:00,-3328.34
2050-03-23 04:00:00,-3374.08
2050-03-23 05:00:00,-3231.54
2050-03-23 06:00:00,-3917.63
2050-03-23 07:00:00,-5123.56
2050-03-23 08:00:00,-5764.73
2050-03-23 09:00:00,-5947.7
2050-03-23 10:00:00,-5590.16
2050-03-23 11:00:00,-6246.12
2050-03-23 12:00:00,-6388.97
2050-03-23 13:00:00,-5829.17
2050-03-23 14:00:00,-4839.52
2050-03-23 15:00:00,-3809.26
2050-03-23 16:00:00,-2127.73
2050-03-23 17:00:00,-1080.47
2050-03-23 18:00:00,-354.26
2050-03-23 19:00:00,-1085.84
2050-03-23 20:00:00,-1239.86
2050-03-23 21:00:00,-1634.97
2050-03-23 22:00:00,-2067.49
2050-03-23 23:00:00,-2047.9
2050-03-24 00:00:00,-2633.26
2050-03-24 01:00:00,-2176.58
2050-03-24 02:00:00,-2167.06
2050-03-24 03:00:00,-1598.13
2050-03-24 04:00:00,-1113.42
2050-03-24 05:00:00,13.31
2050-03-24 06:00:00,-864.6
2050-03-24 07:00:00,-1028.9
2050-03-24 08:00:00,-1696.37
2050-03-24 09:00:00,-2107.42
2050-03-24 10:00:00,-3084.59
2050-03-24 11:00:00,-2774.44
2050-03-24 12:00:00,-2971.23
2050-03-24 13:00:00,-3181.6
2050-03-24 14:00:00,-3173.53
2050-03-24 15:00:00,-2527.04
2050-03-24 16:00:00,-1699.34
2050-03-24 17:00:00,539.73
2050-03-24 18:00:00,908.48
2050-03-24 19:00:00,1164.81
2050-03-24 20:00:00,2002.55
2050-03-24 21:00:00,1656.65
2050-03-24 22:00:00,1438.72
2050-03-24 23:00:00,625.7
2050-03-25 00:00:00,-1369.99
2050-03-25 01:00:00,-580.75
2050-03-25 02:00:00,-507.06
2050-03-25 03:00:00,-607.99
2050-03-25 04:00:00,-637.01
2050-03-25 05:00:00,-363.86
2050-03-25 06:00:00,-509.17
2050-03-25 07:00:00,-1568.36
2050-03-25 08:00:00,-2683.05
2050-03-25 09:00:00,-4132.39
2050-03-25 10:00:00,-4834.07
2050-03-25 11:00:00,-5635.83
2050-03-25 12:00:00,-5519.52
2050-03-25 13:00:00,-4126.21
2050-03-25 14:00:00,-5029.89
2050-03-25 15:00:00,-4048.28
2050-03-25 16:00:00,-2530.04
2050-03-25 17:00:00,-1596.79
2050-03-25 18:00:00,250.07
2050-03-25 19:00:00,519.61
2050-03-25 20:00:00,441.3
2050-03-25 21:00:00,1993.12
2050-03-25 22:00:00,387.81
2050-03-25 23:00:00,503.43
2050-03-26 00:00:00,-908.81
2050-03-26 01:00:00,-1772.25
2050-03-26 02:00:00,-2594.85
2050-03-26 03:00:00,-2263.19
2050-03-26 04:00:00,-2342.53
2050-03-26 05:00:00,-2586.36
2050-03-26 06:00:00,-2238.9
2050-03-26 07:00:00,-2818.53
2050-03-26 08:00:00,-3184.1
2050-03-26 09:00:00,-864.05
2050-03-26 10:00:00,-1690.29
2050-03-26 11:00:00,-731.79
2050-03-26 12:00:00,-410.48
2050-03-26 13:00:00,568.81
2050-03-26 14:00:00,452.12
2050-03-26 15:00:00,-39.58
2050-03-26 16:00:00,121.42
2050-03-26 17:00:00,254.31
2050-03-26 18:00:00,548.3
2050-03-26 19:00:00,636.88
2050-03-26 20:00:00,663.91
2050-03-26 21:00:00,235.8
2050-03-26 22:00:00,765.28
2050-03-26 23:00:00,1201.09
2050-03-27 00:00:00,1928.81
2050-03-27 01:00:00,1664.18
2050-03-27 02:00:00,1271.58
2050-03-27 03:00:00,1392.88
2050-03-27 04:00:00,1186.33
2050-03-27 05:00:00,1969.82
2050-03-27 06:00:00,1565.29
2050-03-27 07:00:00,81.23
2050-03-27 08:00:00,-497.28
2050-03-27 09:00:00,-169.03
2050-03-27 10:00:00,-395.0
2050-03-27 11:00:00,-1414.07
2050-03-27 12:00:00,-866.07
2050-03-27 13:00:00,-214.59
2050-03-27 14:00:00,305.8
2050-03-27 15:00:00,955.5
2050-03-27 16:00:00,2249.49
2050-03-27 17:00:00,2951.69
2050-03-27 18:00:00,3281.13
2050-03-27 19:00:00,3191.19
2050-03-27 20:00:00,3228.9
2050-03-27 21:00:00,2306.5
2050-03-27 22:00:00,2849.23
2050-03-27 23:00:00,2770.75
2050-03-28 00:00:00,786.7
2050-03-28 01:00:00,1428.7
2050-03-28 02:00:00,26.57
2050-03-28 03:00:00,-479.32
2050-03-28 04:00:00,-76.41
2050-03-28 05:00:00,-184.23
2050-03-28 06:00:00,-762.65
2050-03-28 07:00:00,-1110.72
2050-03-28 08:00:00,-1538.09
2050-03-28 09:00:00,-1874.71
2050-03-28 10:00:00,-1781.05
2050-03-28 11:00:00,-3487.94
2050-03-28 12:00:00,-3448.04
2050-03-28 13:00:00,-2587.74
2050-03-28 14:00:00,-2486.25
2050-03-28 15:00:00,-1879.71
2050-03-28 16:00:00,-246.37
2050-03-28 17:00:00,-633.95
2050-03-28 18:00:00,-1861.69
2050-03-28 19:00:00,-678.25
2050-03-28 20:00:00,-1197.71
2050-03-28 21:00:00,-1538.58
2050-03-28 22:00:00,-1738.05
2050-03-28 23:00:00,-1959.73
2050-03-29 00:00:00,-2348.03
2050-03-29 01:00:00,-2544.3
2050-03-29 02:00:00,-2331.2
2050-03-29 03:00:00,-2649.99
2050-03-29 04:00:00,-3053.83
2050-03-29 05:00:00,-3087.83
2050-03-29 06:00:00,-2949.99
2050-03-29 07:00:00,-2323.74
2050-03-29 08:00:00,-1603.83
2050-03-29 09:00:00,-2296.7
2050-03-29 10:00:00,-1432.13
2050-03-29 11:00:00,-1131.27
2050-03-29 12:00:00,-944.38
2050-03-29 13:00:00,-204.47
2050-03-29 14:00:00,-1206.55
2050-03-29 15:00:00,-219.22
2050-03-29 16:00:00,-536.69
2050-03-29 17:00:00,-562.12
2050-03-29 18:00:00,364.86
2050-03-29 19:00:00,355.64
2050-03-29 20:00:00,128.44
2050-03-29 21:00:00,-183.34
2050-03-29 22:00:00,-229.15
2050-03-29 23:00:00,-882.03
2050-03-30 00:00:00,-569.93
2050-03-30 01:00:00,-175.1
2050-03-30 02:00:00,-980.32
2050-03-30 03:00:00,-1050.98
2050-03-30 04:00:00,-1046.34
2050-03-30 05:00:00,-1199.67
2050-03-30 06:00:00,-1380.43
2050-03-30 07:00:00,-669.13
2050-03-30 08:00:00,-850.04
2050-03-30 09:00:00,-509.56
2050-03-30 10:00:00,-809.79
2050-03-30 11:00:00,502.82
2050-03-30 12:00:00,-2708.9
2050-03-30 13:00:00,-2630.82
2050-03-30 14:00:00,-641.28
2050-03-30 15:00:00,-1263.44
2050-03-30 16:00:00,-881.89
2050-03-30 17:00:00,-463.35
2050-03-30 18:00:00,734.74
2050-03-30 19:00:00,790.09
2050-03-30 20:00:00,1131.75
2050-03-30 21:00:00,678.04
2050-03-30 22:00:00,-252.63
2050-03-30 23:00:00,-298.05
2050-03-31 00:00:00,-684.09
2050-03-31 01:00:00,-1171.12
2050-03-31 02:00:00,-2180.8
2050-03-31 03:00:00,-2372.97
2050-03-31 04:00:00,-2521.06
2050-03-31 05:00:00,-2536.73
2050-03-31 06:00:00,-3376.3
2050-03-31 07:00:00,-4334.35
2050-03-31 08:00:00,-5585.67
2050-03-31 09:00:00,-6385.13
2050-03-31 10:00:00,-6948.54
2050-03-31 11:00:00,-7322.17
2050-03-31 12:00:00,-6862.76
2050-03-31 13:00:00,-7032.32
2050-03-31 14:00:00,-6709.08
2050-03-31 15:00:00,-5777.68
2050-03-31 16:00:00,-4398.27
2050-03-31 17:00:00,-2840.83
2050-03-31 18:00:00,-1844.19
2050-03-31 19:00:00,-1567.35
2050-03-31 20:00:00,-1535.26
2050-03-31 21:00:00,-1578.38
2050-03-31 22:00:00,-1768.63
2050-03-31 23:00:00,-2014.8
2050-04-01 00:00:00,-2187.83
2050-04-01 01:00:00,-2292.29
2050-04-01 02:00:00,-2493.78
2050-04-01 03:00:00,-2577.6
2050-04-01 04:00:00,-2620.2
2050-04-01 05:00:00,-2606.96
2050-04-01 06:00:00,-2573.54
2050-04-01 07:00:00,-2461.88
2050-04-01 08:00:00,-2935.97
2050-04-01 09:00:00,-3206.04
2050-04-01 10:00:00,-3005.63
2050-04-01 11:00:00,-3139.6
2050-04-01 12:00:00,-3557.72
2050-04-01 13:00:00,-3623.06
2050-04-01 14:00:00,-3126.44
2050-04-01 15:00:00,-2483.11
2050-04-01 16:00:00,-2081.97
2050-04-01 17:00:00,-1570.47
2050-04-01 18:00:00,-625.98
2050-04-01 19:00:00,-1023.33
2050-04-01 20:00:00,-703.62
2050-04-01 21:00:00,-976.87
2050-04-01 22:00:00,563.0
2050-04-01 23:00:00,-769.44
2050-04-02 00:00:00,-1899.1
2050-04-02 01:00:00,-1895.72
2050-04-02 02:00:00,-2234.85
2050-04-02 03:00:00,-2790.46
2050-04-02 04:00:00,-2591.3
2050-04-02 05:00:00,-3237.9
2050-04-02 06:00:00,-3166.61
2050-04-02 07:00:00,-3371.43
2050-04-02 08:00:00,-2426.49
2050-04-02 09:00:00,-1896.42
2050-04-02 10:00:00,-1801.08
2050-04-02 11:00:00,-1696.42
2050-04-02 12:00:00,-1321.84
2050-04-02 13:00:00,-1433.88
2050-04-02 14:00:00,-1153.05
2050-04-02 15:00:00,-167.38
2050-04-02 16:00:00,-302.41
2050-04-02 17:00:00,-359.02
2050-04-02 18:00:00,341.2
2050-04-02 19:00:00,906.69
2050-04-02 20:00:00,186.85
2050-04-02 21:00:00,775.36
2050-04-02 22:00:00,46.14
2050-04-02 23:00:00,-1583.23
2050-04-03 00:00:00,-1974.9
2050-04-03 01:00:00,-2033.45
2050-04-03 02:00:00,-2020.83
2050-04-03 03:00:00,-1740.08
2050-04-03 04:00:00,-1118.2
2050-04-03 05:00:00,-1761.14
2050-04-03 06:00:00,-2247.35
2050-04-03 07:00:00,-1281.23
2050-04-03 08:00:00,-1145.93
2050-04-03 09:00:00,-2553.8
2050-04-03 10:00:00,-3099.95
2050-04-03 11:00:00,-2289.77
2050-04-03 12:00:00,-2765.23
2050-04-03 13:00:00,-2461.3
2050-04-03 14:00:00,-2575.54
2050-04-03 15:00:00,-2348.07
2050-04-03 16:00:00,-2255.97
2050-04-03 17:00:00,-2068.72
2050-04-03 18:00:00,-1600.19
2050-04-03 19:00:00,-700.32
2050-04-03 20:00:00,179.07
2050-04-03 21:00:00,-1293.71
2050-04-03 22:00:00,-1818.65
2050-04-03 23:00:00,-1440.73
2050-04-04 00:00:00,-2088.1
2050-04-04 01:00:00,-2599.09
2050-04-04 02:00:00,-3081.71
2050-04-04 03:00:00,-3287.97
2050-04-04 04:00:00,-3391.25
2050-04-04 05:00:00,-3417.87
2050-04-04 06:00:00,-3458.02
2050-04-04 07:00:00,-3275.44
2050-04-04 08:00:00,-3215.25
2050-04-04 09:00:00,-3112.3
2050-04-04 10:00:00,-6550.86
2050-04-04 11:00:00,-5179.21
2050-04-04 12:00:00,-4703.23
2050-04-04 13:00:00,-1470.22
2050-04-04 14:00:00,361.72
2050-04-04 15:00:00,933.22
2050-04-04 16:00:00,2247.62
2050-04-04 17:00:00,2214.33
2050-04-04 18:00:00,611.13
2050-04-04 19:00:00,1397.71
2050-04-04 20:00:00,2033.78
2050-04-04 21:00:00,582.34
2050-04-04 22:00:00,-366.29
2050-04-04 23:00:00,-1619.11
2050-04-05 00:00:00,-2184.34
2050-04-05 01:00:00,-759.57
2050-04-05 02:00:00,11.43
2050-04-05 03:00:00,245.77
2050-04-05 04:00:00,-304.64
2050-04-05 05:00:00,-917.41
2050-04-05 06:00:00,-1656.43
2050-04-05 07:00:00,-3200.62
2050-04-05 08:00:00,-2462.37
2050-04-05 09:00:00,-2318.26
2050-04-05 10:00:00,-1526.42
2050-04-05 11:00:00,-4357.16
2050-04-05 12:00:00,-4144.86
2050-04-05 13:00:00,-4768.51
2050-04-05 14:00:00,-4989.23
2050-04-05 15:00:00,-4065.53
2050-04-05 16:00:00,-2372.34
2050-04-05 17:00:00,-1419.45
2050-04-05 18:00:00,-449.18
2050-04-05 19:00:00,-556.57
2050-04-05 20:00:00,-987.82
2050-04-05 21:00:00,-1267.18
2050-04-05 22:00:00,-1688.31
2050-04-05 23:00:00,-463.19
2050-04-06 00:00:00,-582.23
2050-04-06 01:00:00,537.39
2050-04-06 02:00:00,741.35
2050-04-06 03:00:00,46.1
2050-04-06 04:00:00,-52.79
2050-04-06 05:00:00,-920.4
2050-04-06 06:00:00,-1247.42
2050-04-06 07:00:00,-2489.86
2050-04-06 08:00:00,-3217.22
2050-04-06 09:00:00,-4035.74
2050-04-06 10:00:00,-4431.83
2050-04-06 11:00:00,-5608.92
2050-04-06 12:00:00,-5735.86
2050-04-06 13:00:00,-4473.71
2050-04-06 14:00:00,-4156.54
2050-04-06 15:00:00,-4349.27
2050-04-06 16:00:00,-3402.07
2050-04-06 17:00:00,-1753.43
2050-04-06 18:00:00,-830.23
2050-04-06 19:00:00,-622.37
2050-04-06 20:00:00,-871.34
2050-04-06 21:00:00,-1103.43
2050-04-06 22:00:00,-1502.97
2050-04-06 23:00:00,-1830.0
2050-04-07 00:00:00,-1548.91
2050-04-07 01:00:00,-2427.03
2050-04-07 02:00:00,-2807.75
2050-04-07 03:00:00,-2843.88
2050-04-07 04:00:00,-2513.68
2050-04-07 05:00:00,-2195.49
2050-04-07 06:00:00,-3491.77
2050-04-07 07:00:00,-2896.0
2050-04-07 08:00:00,-2084.78
2050-04-07 09:00:00,-2780.5
2050-04-07 10:00:00,-5010.64
2050-04-07 11:00:00,-2259.68
2050-04-07 12:00:00,-3001.06
2050-04-07 13:00:00,-3499.11
2050-04-07 14:00:00,-3522.66
2050-04-07 15:00:00,-2355.32
2050-04-07 16:00:00,-1725.6
2050-04-07 17:00:00,-701.93
2050-04-07 18:00:00,310.29
2050-04-07 19:00:00,24.99
2050-04-07 20:00:00,-205.83
2050-04-07 21:00:00,-641.58
2050-04-07 22:00:00,-653.26
2050-04-07 23:00:00,-1398.21
2050-04-08 00:00:00,-1970.55
2050-04-08 01:00:00,-1152.13
2050-04-08 02:00:00,-909.44
2050-04-08 03:00:00,-2688.03
2050-04-08 04:00:00,-2606.42
2050-04-08 05:00:00,-3102.84
2050-04-08 06:00:00,-3044.6
2050-04-08 07:00:00,-4000.49
2050-04-08 08:00:00,-5138.67
2050-04-08 09:00:00,-4326.14
2050-04-08 10:00:00,-4407.24
2050-04-08 11:00:00,-3119.16
2050-04-08 12:00:00,-1441.3
2050-04-08 13:00:00,440.55
2050-04-08 14:00:00,895.94
2050-04-08 15:00:00,1641.08
2050-04-08 16:00:00,1661.28
2050-04-08 17:00:00,1316.54
2050-04-08 18:00:00,1107.61
2050-04-08 19:00:00,1031.23
2050-04-08 20:00:00,1126.4
2050-04-08 21:00:00,1186.93
2050-04-08 22:00:00,768.92
2050-04-08 23:00:00,1359.73
2050-04-09 00:00:00,793.26
2050-04-09 01:00:00,350.79
2050-04-09 02:00:00,925.18
2050-04-09 03:00:00,1414.01
2050-04-09 04:00:00,1610.46
2050-04-09 05:00:00,1814.58
2050-04-09 06:00:00,556.34
2050-04-09 07:00:00,-792.77
2050-04-09 08:00:00,-2177.16
2050-04-09 09:00:00,-2865.4
2050-04-09 10:00:00,-3179.58
2050-04-09 11:00:00,-4466.42
2050-04-09 12:00:00,-3445.02
2050-04-09 13:00:00,-625.81
2050-04-09 14:00:00,-1821.1
2050-04-09 15:00:00,-2930.21
2050-04-09 16:00:00,-1335.01
2050-04-09 17:00:00,-210.16
2050-04-09 18:00:00,1221.57
2050-04-09 19:00:00,1981.91
2050-04-09 20:00:00,2201.13
2050-04-09 21:00:00,1461.77
2050-04-09 22:00:00,1247.65
2050-04-09 23:00:00,1209.66
2050-04-10 00:00:00,1126.8
2050-04-10 01:00:00,1651.08
2050-04-10 02:00:00,1708.38
2050-04-10 03:00:00,1653.15
2050-04-10 04:00:00,1588.03
2050-04-10 05:00:00,1951.9
2050-04-10 06:00:00,642.26
2050-04-10 07:00:00,-74.92
2050-04-10 08:00:00,-861.68
2050-04-10 09:00:00,-2376.68
2050-04-10 10:00:00,-2997.25
2050-04-10 11:00:00,-3641.31
2050-04-10 12:00:00,-4644.72
2050-04-10 13:00:00,-4316.8
2050-04-10 14:00:00,-2013.12
2050-04-10 15:00:00,-2929.49
2050-04-10 16:00:00,-3272.02
2050-04-10 17:00:00,-2519.52
2050-04-10 18:00:00,-1652.43
2050-04-10 19:00:00,-1608.65
2050-04-10 20:00:00,-1536.24
2050-04-10 21:00:00,-1612.33
2050-04-10 22:00:00,-1819.84
2050-04-10 23:00:00,-1372.34
2050-04-11 00:00:00,-1464.47
2050-04-11 01:00:00,-1614.56
2050-04-11 02:00:00,-1205.71
2050-04-11 03:00:00,-829.38
2050-04-11 04:00:00,-1057.62
2050-04-11 05:00:00,-1081.48
2050-04-11 06:00:00,-1374.54
2050-04-11 07:00:00,-938.37
2050-04-11 08:00:00,-897.29
2050-04-11 09:00:00,-1416.88
2050-04-11 10:00:00,-1275.15
2050-04-11 11:00:00,-1563.06
2050-04-11 12:00:00,-2048.07
2050-04-11 13:00:00,-1378.59
2050-04-11 14:00:00,-811.11
2050-04-11 15:00:00,-2028.7
2050-04-11 16:00:00,-2043.04
2050-04-11 17:00:00,-1591.23
2050-04-11 18:00:00,-1075.99
2050-04-11 19:00:00,-1084.29
2050-04-11 20:00:00,-1242.36
2050-04-11 21:00:00,-1525.7
2050-04-11 22:00:00,-1912.44
2050-04-11 23:00:00,-2239.91
2050-04-12 00:00:00,-2558.8
2050-04-12 01:00:00,-2708.67
2050-04-12 02:00:00,-2219.27
2050-04-12 03:00:00,-3015.13
2050-04-12 04:00:00,-2643.3
2050-04-12 05:00:00,-1923.37
2050-04-12 06:00:00,-1749.07
2050-04-12 07:00:00,-1648.39
2050-04-12 08:00:00,-1281.46
2050-04-12 09:00:00,-1011.02
2050-04-12 10:00:00,-1761.24
2050-04-12 11:00:00,-2720.73
2050-04-12 12:00:00,-3289.5
2050-04-12 13:00:00,-773.23
2050-04-12 14:00:00,-58.1
2050-04-12 15:00:00,19.16
2050-04-12 16:00:00,552.63
2050-04-12 17:00:00,1337.36
2050-04-12 18:00:00,592.55
2050-04-12 19:00:00,-1060.06
2050-04-12 20:00:00,-1480.74
2050-04-12 21:00:00,-1645.97
2050-04-12 22:00:00,-1942.42
2050-04-12 23:00:00,-2278.42
2050-04-13 00:00:00,-2601.11
2050-04-13 01:00:00,-2681.67
2050-04-13 02:00:00,-2798.51
2050-04-13 03:00:00,-2409.24
2050-04-13 04:00:00,-2195.24
2050-04-13 05:00:00,-1641.3
2050-04-13 06:00:00,-1691.61
2050-04-13 07:00:00,-3033.64
2050-04-13 08:00:00,-3192.81
2050-04-13 09:00:00,-3451.45
2050-04-13 10:00:00,-2680.38
2050-04-13 11:00:00,-3676.16
2050-04-13 12:00:00,-1414.34
2050-04-13 13:00:00,-1761.98
2050-04-13 14:00:00,-1974.13
2050-04-13 15:00:00,-2153.36
2050-04-13 16:00:00,-2444.84
2050-04-13 17:00:00,-2188.0
2050-04-13 18:00:00,-1327.68
2050-04-13 19:00:00,-865.92
2050-04-13 20:00:00,-1524.41
2050-04-13 21:00:00,-1627.84
2050-04-13 22:00:00,-1946.06
2050-04-13 23:00:00,-2280.0
2050-04-14 00:00:00,-2492.57
2050-04-14 01:00:00,-2357.17
2050-04-14 02:00:00,-1259.74
2050-04-14 03:00:00,-1910.94
2050-04-14 04:00:00,-1819.81
2050-04-14 05:00:00,-1982.53
2050-04-14 06:00:00,-1992.78
2050-04-14 07:00:00,-403.1
2050-04-14 08:00:00,746.51
2050-04-14 09:00:00,135.43
2050-04-14 10:00:00,518.2
2050-04-14 11:00:00,636.53
2050-04-14 12:00:00,737.53
2050-04-14 13:00:00,429.62
2050-04-14 14:00:00,1340.42
2050-04-14 15:00:00,502.97
2050-04-14 16:00:00,1273.8
2050-04-14 17:00:00,877.73
2050-04-14 18:00:00,-283.97
2050-04-14 19:00:00,-1026.16
2050-04-14 20:00:00,-644.22
2050-04-14 21:00:00,-1202.7
2050-04-14 22:00:00,-1631.3
2050-04-14 23:00:00,-1762.27
2050-04-15 00:00:00,-2623.35
2050-04-15 01:00:00,-2655.08
2050-04-15 02:00:00,-2784.45
2050-04-15 03:00:00,-2814.28
2050-04-15 04:00:00,-2801.75
2050-04-15 05:00:00,-2697.05
2050-04-15 06:00:00,-1301.78
2050-04-15 07:00:00,142.87
2050-04-15 08:00:00,922.53
2050-04-15 09:00:00,-1022.5
2050-04-15 10:00:00,-1698.58
2050-04-15 11:00:00,-3699.16
2050-04-15 12:00:00,-3837.08
2050-04-15 13:00:00,-3821.66
2050-04-15 14:00:00,-3255.81
2050-04-15 15:00:00,-4609.22
2050-04-15 16:00:00,-2518.19
2050-04-15 17:00:00,-832.14
2050-04-15 18:00:00,455.02
2050-04-15 19:00:00,-146.03
2050-04-15 20:00:00,-397.31
2050-04-15 21:00:00,-1261.05
2050-04-15 22:00:00,-1798.96
2050-04-15 23:00:00,-1735.52
2050-04-16 00:00:00,-1468.69
2050-04-16 01:00:00,-2176.64
2050-04-16 02:00:00,-2608.28
2050-04-16 03:00:00,-3127.4
2050-04-16 04:00:00,-3271.52
2050-04-16 05:00:00,-2540.52
2050-04-16 06:00:00,-4448.1
2050-04-16 07:00:00,-5136.01
2050-04-16 08:00:00,-5735.24
2050-04-16 09:00:00,-6239.98
2050-04-16 10:00:00,-6859.55
2050-04-16 11:00:00,-6811.73
2050-04-16 12:00:00,-6648.03
2050-04-16 13:00:00,-6475.24
2050-04-16 14:00:00,-4556.43
2050-04-16 15:00:00,-4222.24
2050-04-16 16:00:00,-2993.98
2050-04-16 17:00:00,-1879.17
2050-04-16 18:00:00,-173.11
2050-04-16 19:00:00,-1513.6
2050-04-16 20:00:00,-1489.76
2050-04-16 21:00:00,-1629.43
2050-04-16 22:00:00,-1799.56
2050-04-16 23:00:00,-1689.73
2050-04-17 00:00:00,-725.47
2050-04-17 01:00:00,-857.81
2050-04-17 02:00:00,-1202.68
2050-04-17 03:00:00,-1562.7
2050-04-17 04:00:00,-447.18
2050-04-17 05:00:00,301.32
2050-04-17 06:00:00,-869.59
2050-04-17 07:00:00,-2462.88
2050-04-17 08:00:00,-2192.57
2050-04-17 09:00:00,-1926.76
2050-04-17 10:00:00,-2916.2
2050-04-17 11:00:00,-3262.38
2050-04-17 12:00:00,-2749.7
2050-04-17 13:00:00,-2395.33
2050-04-17 14:00:00,-1554.52
2050-04-17 15:00:00,33.94
2050-04-17 16:00:00,651.99
2050-04-17 17:00:00,1413.84
2050-04-17 18:00:00,1163.44
2050-04-17 19:00:00,166.96
2050-04-17 20:00:00,1300.86
2050-04-17 21:00:00,501.45
2050-04-17 22:00:00,599.82
2050-04-17 23:00:00,317.17
2050-04-18 00:00:00,535.69
2050-04-18 01:00:00,-85.19
2050-04-18 02:00:00,1030.17
2050-04-18 03:00:00,884.81
2050-04-18 04:00:00,1599.92
2050-04-18 05:00:00,1368.43
2050-04-18 06:00:00,600.04
2050-04-18 07:00:00,-96.07
2050-04-18 08:00:00,-500.63
2050-04-18 09:00:00,-1335.07
2050-04-18 10:00:00,-2837.5
2050-04-18 11:00:00,-2644.34
2050-04-18 12:00:00,-1916.23
2050-04-18 13:00:00,-803.42
2050-04-18 14:00:00,-1848.62
2050-04-18 15:00:00,-1279.54
2050-04-18 16:00:00,-2338.86
2050-04-18 17:00:00,-960.17
2050-04-18 18:00:00,-1157.15
2050-04-18 19:00:00,-1573.72
2050-04-18 20:00:00,-1525.67
2050-04-18 21:00:00,-1436.82
2050-04-18 22:00:00,-1768.35
2050-04-18 23:00:00,-2005.34
2050-04-19 00:00:00,-2282.99
2050-04-19 01:00:00,-2384.19
2050-04-19 02:00:00,-2494.54
2050-04-19 03:00:00,-1565.51
2050-04-19 04:00:00,-679.26
2050-04-19 05:00:00,-615.39
2050-04-19 06:00:00,-1228.78
2050-04-19 07:00:00,-2338.04
2050-04-19 08:00:00,-4060.81
2050-04-19 09:00:00,-3271.5
2050-04-19 10:00:00,-5513.4
2050-04-19 11:00:00,-5294.85
2050-04-19 12:00:00,-5178.2
2050-04-19 13:00:00,-4669.32
2050-04-19 14:00:00,-5451.17
2050-04-19 15:00:00,-4014.22
2050-04-19 16:00:00,-3703.74
2050-04-19 17:00:00,-2140.89
2050-04-19 18:00:00,-1506.1
2050-04-19 19:00:00,-1521.95
2050-04-19 20:00:00,-1516.32
2050-04-19 21:00:00,-1456.43
2050-04-19 22:00:00,-1656.02
2050-04-19 23:00:00,-2103.31
2050-04-20 00:00:00,-2585.68
2050-04-20 01:00:00,-2674.5
2050-04-20 02:00:00,-2823.3
2050-04-20 03:00:00,-2896.9
2050-04-20 04:00:00,-2901.1
2050-04-20 05:00:00,-2673.81
2050-04-20 06:00:00,-4152.78
2050-04-20 07:00:00,-4649.15
2050-04-20 08:00:00,-5823.54
2050-04-20 09:00:00,-6480.8
2050-04-20 10:00:00,-7036.06
2050-04-20 11:00:00,-5643.96
2050-04-20 12:00:00,-6737.89
2050-04-20 13:00:00,-5185.43
2050-04-20 14:00:00,-5103.41
2050-04-20 15:00:00,-2718.71
2050-04-20 16:00:00,-48.19
2050-04-20 17:00:00,1027.32
2050-04-20 18:00:00,953.31
2050-04-20 19:00:00,792.59
2050-04-20 20:00:00,708.16
2050-04-20 21:00:00,668.06
2050-04-20 22:00:00,459.62
2050-04-20 23:00:00,-483.39
2050-04-21 00:00:00,-1033.02
2050-04-21 01:00:00,-865.26
2050-04-21 02:00:00,-627.71
2050-04-21 03:00:00,-1168.38
2050-04-21 04:00:00,-1230.96
2050-04-21 05:00:00,-455.17
2050-04-21 06:00:00,-1045.94
2050-04-21 07:00:00,-440.38
2050-04-21 08:00:00,-1659.52
2050-04-21 09:00:00,-3941.12
2050-04-21 10:00:00,-5755.32
2050-04-21 11:00:00,-6483.88
2050-04-21 12:00:00,-6201.13
2050-04-21 13:00:00,-5241.09
2050-04-21 14:00:00,-4507.57
2050-04-21 15:00:00,-2726.46
2050-04-21 16:00:00,-1024.6
2050-04-21 17:00:00,-779.66
2050-04-21 18:00:00,-1123.17
2050-04-21 19:00:00,-1233.96
2050-04-21 20:00:00,-1304.27
2050-04-21 21:00:00,-1110.48
2050-04-21 22:00:00,334.73
2050-04-21 23:00:00,292.73
2050-04-22 00:00:00,465.05
2050-04-22 01:00:00,-554.3
2050-04-22 02:00:00,-773.96
2050-04-22 03:00:00,-573.66
2050-04-22 04:00:00,-166.59
2050-04-22 05:00:00,-355.63
2050-04-22 06:00:00,-1290.49
2050-04-22 07:00:00,-1147.22
2050-04-22 08:00:00,-2052.53
2050-04-22 09:00:00,-3054.87
2050-04-22 10:00:00,-3944.27
2050-04-22 11:00:00,-4886.41
2050-04-22 12:00:00,-4490.76
2050-04-22 13:00:00,-4949.05
2050-04-22 14:00:00,-3942.09
2050-04-22 15:00:00,-2948.45
2050-04-22 16:00:00,-3111.73
2050-04-22 17:00:00,-1520.24
2050-04-22 18:00:00,692.33
2050-04-22 19:00:00,288.63
2050-04-22 20:00:00,-51.95
2050-04-22 21:00:00,-263.14
2050-04-22 22:00:00,206.12
2050-04-22 23:00:00,227.42
2050-04-23 00:00:00,-1169.13
2050-04-23 01:00:00,-1663.39
2050-04-23 02:00:00,-1323.25
2050-04-23 03:00:00,-323.29
2050-04-23 04:00:00,-709.31
2050-04-23 05:00:00,32.68
2050-04-23 06:00:00,-372.32
2050-04-23 07:00:00,1386.53
2050-04-23 08:00:00,4.03
2050-04-23 09:00:00,622.28
2050-04-23 10:00:00,1381.37
2050-04-23 11:00:00,501.93
2050-04-23 12:00:00,1062.34
2050-04-23 13:00:00,393.94
2050-04-23 14:00:00,2023.05
2050-04-23 15:00:00,1767.78
2050-04-23 16:00:00,1608.06
2050-04-23 17:00:00,2697.7
2050-04-23 18:00:00,2493.18
2050-04-23 19:00:00,1848.05
2050-04-23 20:00:00,445.21
2050-04-23 21:00:00,-442.43
2050-04-23 22:00:00,-994.19
2050-04-23 23:00:00,-1412.72
2050-04-24 00:00:00,-1244.21
2050-04-24 01:00:00,-807.65
2050-04-24 02:00:00,-1595.72
2050-04-24 03:00:00,-991.09
2050-04-24 04:00:00,-1198.56
2050-04-24 05:00:00,-482.62
2050-04-24 06:00:00,-1950.93
2050-04-24 07:00:00,-2651.3
2050-04-24 08:00:00,-3500.47
2050-04-24 09:00:00,-4275.92
2050-04-24 10:00:00,-5059.56
2050-04-24 11:00:00,-4503.68
2050-04-24 12:00:00,-4002.85
2050-04-24 13:00:00,-3973.57
2050-04-24 14:00:00,-3054.36
2050-04-24 15:00:00,-1352.36
2050-04-24 16:00:00,-609.96
2050-04-24 17:00:00,461.83
2050-04-24 18:00:00,921.49
2050-04-24 19:00:00,-231.22
2050-04-24 20:00:00,260.71
2050-04-24 21:00:00,969.94
2050-04-24 22:00:00,1262.74
2050-04-24 23:00:00,1253.21
2050-04-25 00:00:00,207.2
2050-04-25 01:00:00,-98.41
2050-04-25 02:00:00,-127.78
2050-04-25 03:00:00,111.51
2050-04-25 04:00:00,-123.46
2050-04-25 05:00:00,-242.08
2050-04-25 06:00:00,-1000.87
2050-04-25 07:00:00,-2862.3
2050-04-25 08:00:00,-3995.71
2050-04-25 09:00:00,-3984.35
2050-04-25 10:00:00,-4167.25
2050-04-25 11:00:00,-2270.18
2050-04-25 12:00:00,-2390.62
2050-04-25 13:00:00,11.2
2050-04-25 14:00:00,971.89
2050-04-25 15:00:00,728.76
2050-04-25 16:00:00,636.17
2050-04-25 17:00:00,1186.58
2050-04-25 18:00:00,1895.26
2050-04-25 19:00:00,2410.46
2050-04-25 20:00:00,2468.16
2050-04-25 21:00:00,1506.94
2050-04-25 22:00:00,924.35
2050-04-25 23:00:00,-676.73
2050-04-26 00:00:00,-1896.9
2050-04-26 01:00:00,-609.09
2050-04-26 02:00:00,-1227.5
2050-04-26 03:00:00,-2114.05
2050-04-26 04:00:00,-1617.23
2050-04-26 05:00:00,-1189.58
2050-04-26 06:00:00,-2032.33
2050-04-26 07:00:00,-1401.11
2050-04-26 08:00:00,-1351.27
2050-04-26 09:00:00,-2921.88
2050-04-26 10:00:00,-2902.88
2050-04-26 11:00:00,-3563.49
2050-04-26 12:00:00,-1305.6
2050-04-26 13:00:00,785.27
2050-04-26 14:00:00,574.39
2050-04-26 15:00:00,145.89
2050-04-26 16:00:00,1250.79
2050-04-26 17:00:00,208.9
2050-04-26 18:00:00,231.6
2050-04-26 19:00:00,1811.71
2050-04-26 20:00:00,1818.49
2050-04-26 21:00:00,2404.91
2050-04-26 22:00:00,1411.64
2050-04-26 23:00:00,768.0
2050-04-27 00:00:00,616.93
2050-04-27 01:00:00,463.89
2050-04-27 02:00:00,672.7
2050-04-27 03:00:00,978.89
2050-04-27 04:00:00,621.66
2050-04-27 05:00:00,630.77
2050-04-27 06:00:00,207.31
2050-04-27 07:00:00,-239.01
2050-04-27 08:00:00,-1991.25
2050-04-27 09:00:00,-2608.39
2050-04-27 10:00:00,-4034.78
2050-04-27 11:00:00,-3621.61
2050-04-27 12:00:00,883.29
2050-04-27 13:00:00,-871.91
2050-04-27 14:00:00,489.28
2050-04-27 15:00:00,-740.84
2050-04-27 16:00:00,-95.07
2050-04-27 17:00:00,1932.08
2050-04-27 18:00:00,1650.07
2050-04-27 19:00:00,1041.4
2050-04-27 20:00:00,607.0
2050-04-27 21:00:00,1036.02
2050-04-27 22:00:00,1097.1
2050-04-27 23:00:00,785.59
2050-04-28 00:00:00,1109.33
2050-04-28 01:00:00,1538.59
2050-04-28 02:00:00,1191.13
2050-04-28 03:00:00,606.67
2050-04-28 04:00:00,779.2
2050-04-28 05:00:00,1491.68
2050-04-28 06:00:00,-484.83
2050-04-28 07:00:00,-110.17
2050-04-28 08:00:00,-1499.17
2050-04-28 09:00:00,-2224.28
2050-04-28 10:00:00,-2064.56
2050-04-28 11:00:00,-1982.01
2050-04-28 12:00:00,-2338.96
2050-04-28 13:00:00,-2125.57
2050-04-28 14:00:00,-2111.42
2050-04-28 15:00:00,-2324.2
2050-04-28 16:00:00,-3659.8
2050-04-28 17:00:00,-2952.56
2050-04-28 18:00:00,-1781.23
2050-04-28 19:00:00,-1529.15
2050-04-28 20:00:00,-639.16
2050-04-28 21:00:00,333.22
2050-04-28 22:00:00,-626.99
2050-04-28 23:00:00,106.68
2050-04-29 00:00:00,776.16
2050-04-29 01:00:00,553.51
2050-04-29 02:00:00,-955.69
2050-04-29 03:00:00,-749.7
2050-04-29 04:00:00,-372.15
2050-04-29 05:00:00,-4927.57
2050-04-29 06:00:00,-1922.99
2050-04-29 07:00:00,-612.51
2050-04-29 08:00:00,-2788.77
2050-04-29 09:00:00,-4348.32
2050-04-29 10:00:00,-4981.5
2050-04-29 11:00:00,-4242.95
2050-04-29 12:00:00,-4548.69
2050-04-29 13:00:00,-4273.04
2050-04-29 14:00:00,-3757.15
2050-04-29 15:00:00,-4036.82
2050-04-29 16:00:00,-3657.24
2050-04-29 17:00:00,-2492.24
2050-04-29 18:00:00,-1452.24
2050-04-29 19:00:00,-1275.69
2050-04-29 20:00:00,-1421.93
2050-04-29 21:00:00,-1106.64
2050-04-29 22:00:00,16.22
2050-04-29 23:00:00,-218.75
2050-04-30 00:00:00,-1180.55
2050-04-30 01:00:00,-1104.37
2050-04-30 02:00:00,-1263.82
2050-04-30 03:00:00,-1450.67
2050-04-30 04:00:00,-907.78
2050-04-30 05:00:00,-4192.49
2050-04-30 06:00:00,-2243.15
2050-04-30 07:00:00,-3562.24
2050-04-30 08:00:00,-3920.57
2050-04-30 09:00:00,-4534.53
2050-04-30 10:00:00,-4553.24
2050-04-30 11:00:00,-4865.25
2050-04-30 12:00:00,-4650.68
2050-04-30 13:00:00,-3793.12
2050-04-30 14:00:00,-3989.05
2050-04-30 15:00:00,-3398.64
2050-04-30 16:00:00,-1605.7
2050-04-30 17:00:00,-1826.43
2050-04-30 18:00:00,-653.98
2050-04-30 19:00:00,-653.34
2050-04-30 20:00:00,-798.05
2050-04-30 21:00:00,-1151.79
2050-04-30 22:00:00,-1570.2
2050-04-30 23:00:00,283.8
2050-05-01 00:00:00,-880.76
2050-05-01 01:00:00,-548.93
2050-05-01 02:00:00,-1629.01
2050-05-01 03:00:00,-1422.27
2050-05-01 04:00:00,-816.19
2050-05-01 05:00:00,-468.91
2050-05-01 06:00:00,-1352.02
2050-05-01 07:00:00,-2051.21
2050-05-01 08:00:00,-2622.96
2050-05-01 09:00:00,-2085.17
2050-05-01 10:00:00,-2250.89
2050-05-01 11:00:00,-1729.08
2050-05-01 12:00:00,-843.24
2050-05-01 13:00:00,-194.19
2050-05-01 14:00:00,-618.81
2050-05-01 15:00:00,-185.13
2050-05-01 16:00:00,1613.3
2050-05-01 17:00:00,2293.93
2050-05-01 18:00:00,2185.65
2050-05-01 19:00:00,2152.89
2050-05-01 20:00:00,2228.77
2050-05-01 21:00:00,873.58
2050-05-01 22:00:00,492.6
2050-05-01 23:00:00,213.89
2050-05-02 00:00:00,-326.92
2050-05-02 01:00:00,-1545.64
2050-05-02 02:00:00,-1713.99
2050-05-02 03:00:00,-1227.78
2050-05-02 04:00:00,-1182.91
2050-05-02 05:00:00,-2272.54
2050-05-02 06:00:00,-2321.6
2050-05-02 07:00:00,-1300.1
2050-05-02 08:00:00,-187.94
2050-05-02 09:00:00,-1915.49
2050-05-02 10:00:00,-1594.7
2050-05-02 11:00:00,-2718.06
2050-05-02 12:00:00,-478.74
2050-05-02 13:00:00,-1380.34
2050-05-02 14:00:00,-756.29
2050-05-02 15:00:00,-867.26
2050-05-02 16:00:00,195.28
2050-05-02 17:00:00,73.26
2050-05-02 18:00:00,1225.78
2050-05-02 19:00:00,1436.47
2050-05-02 20:00:00,781.79
2050-05-02 21:00:00,498.47
2050-05-02 22:00:00,459.84
2050-05-02 23:00:00,1426.76
2050-05-03 00:00:00,665.45
2050-05-03 01:00:00,45.65
2050-05-03 02:00:00,677.11
2050-05-03 03:00:00,-350.31
2050-05-03 04:00:00,-746.94
2050-05-03 05:00:00,-946.18
2050-05-03 06:00:00,-2861.61
2050-05-03 07:00:00,-2927.05
2050-05-03 08:00:00,-2396.06
2050-05-03 09:00:00,-1979.01
2050-05-03 10:00:00,-2957.63
2050-05-03 11:00:00,-2728.99
2050-05-03 12:00:00,-3135.01
2050-05-03 13:00:00,-2688.84
2050-05-03 14:00:00,-3130.06
2050-05-03 15:00:00,-1748.68
2050-05-03 16:00:00,246.16
2050-05-03 17:00:00,870.09
2050-05-03 18:00:00,1904.61
2050-05-03 19:00:00,1630.17
2050-05-03 20:00:00,1577.17
2050-05-03 21:00:00,1616.07
2050-05-03 22:00:00,1418.18
2050-05-03 23:00:00,1234.75
2050-05-04 00:00:00,1079.99
2050-05-04 01:00:00,1254.32
2050-05-04 02:00:00,697.45
2050-05-04 03:00:00,72.41
2050-05-04 04:00:00,621.58
2050-05-04 05:00:00,-158.02
2050-05-04 06:00:00,-60.96
2050-05-04 07:00:00,-906.75
2050-05-04 08:00:00,-1522.23
2050-05-04 09:00:00,-1523.58
2050-05-04 10:00:00,-1896.56
2050-05-04 11:00:00,-662.5
2050-05-04 12:00:00,-909.25
2050-05-04 13:00:00,-743.43
2050-05-04 14:00:00,-891.52
2050-05-04 15:00:00,351.78
2050-05-04 16:00:00,162.41
2050-05-04 17:00:00,137.72
2050-05-04 18:00:00,1030.54
2050-05-04 19:00:00,539.86
2050-05-04 20:00:00,-148.81
2050-05-04 21:00:00,-658.7
2050-05-04 22:00:00,-1104.43
2050-05-04 23:00:00,-1819.9
2050-05-05 00:00:00,-1663.01
2050-05-05 01:00:00,-1733.97
2050-05-05 02:00:00,-1537.56
2050-05-05 03:00:00,-2489.32
2050-05-05 04:00:00,-1928.97
2050-05-05 05:00:00,-1661.15
2050-05-05 06:00:00,-2425.39
2050-05-05 07:00:00,-2038.49
2050-05-05 08:00:00,-2287.34
2050-05-05 09:00:00,-2607.2
2050-05-05 10:00:00,-4346.45
2050-05-05 11:00:00,-3644.83
2050-05-05 12:00:00,-3153.08
2050-05-05 13:00:00,-1926.8
2050-05-05 14:00:00,1810.99
2050-05-05 15:00:00,916.52
2050-05-05 16:00:00,3078.72
2050-05-05 17:00:00,2790.91
2050-05-05 18:00:00,967.01
2050-05-05 19:00:00,1401.63
2050-05-05 20:00:00,933.72
2050-05-05 21:00:00,-44.46
2050-05-05 22:00:00,-227.53
2050-05-05 23:00:00,-1287.92
2050-05-06 00:00:00,-1658.89
2050-05-06 01:00:00,-1678.88
2050-05-06 02:00:00,-1573.98
2050-05-06 03:00:00,-864.88
2050-05-06 04:00:00,-1462.64
2050-05-06 05:00:00,-2650.54
2050-05-06 06:00:00,-2687.45
2050-05-06 07:00:00,-2685.64
2050-05-06 08:00:00,-3184.76
2050-05-06 09:00:00,-3728.78
2050-05-06 10:00:00,-4691.32
2050-05-06 11:00:00,-4330.59
2050-05-06 12:00:00,-4144.02
2050-05-06 13:00:00,-2819.55
2050-05-06 14:00:00,-2318.41
2050-05-06 15:00:00,-690.95
2050-05-06 16:00:00,379.03
2050-05-06 17:00:00,1685.92
2050-05-06 18:00:00,2363.33
2050-05-06 19:00:00,1803.39
2050-05-06 20:00:00,2138.03
2050-05-06 21:00:00,2573.59
2050-05-06 22:00:00,2565.21
2050-05-06 23:00:00,2292.03
2050-05-07 00:00:00,1777.46
2050-05-07 01:00:00,1130.99
2050-05-07 02:00:00,762.73
2050-05-07 03:00:00,670.09
2050-05-07 04:00:00,402.07
2050-05-07 05:00:00,-1507.69
2050-05-07 06:00:00,-1857.93
2050-05-07 07:00:00,-1436.34
2050-05-07 08:00:00,-2145.02
2050-05-07 09:00:00,-1722.14
2050-05-07 10:00:00,-2693.28
2050-05-07 11:00:00,-2452.52
2050-05-07 12:00:00,-2032.37
2050-05-07 13:00:00,-1282.76
2050-05-07 14:00:00,-607.11
2050-05-07 15:00:00,-667.89
2050-05-07 16:00:00,-287.83
2050-05-07 17:00:00,-1336.91
2050-05-07 18:00:00,-967.36
2050-05-07 19:00:00,-768.17
2050-05-07 20:00:00,-908.3
2050-05-07 21:00:00,-819.71
2050-05-07 22:00:00,281.96
2050-05-07 23:00:00,-666.31
2050-05-08 00:00:00,-833.39
2050-05-08 01:00:00,63.57
2050-05-08 02:00:00,896.64
2050-05-08 03:00:00,1031.22
2050-05-08 04:00:00,1100.85
2050-05-08 05:00:00,-759.68
2050-05-08 06:00:00,-688.08
2050-05-08 07:00:00,-1730.33
2050-05-08 08:00:00,-1903.48
2050-05-08 09:00:00,-1937.99
2050-05-08 10:00:00,-2299.9
2050-05-08 11:00:00,-2517.18
2050-05-08 12:00:00,-1612.53
2050-05-08 13:00:00,-2295.6
2050-05-08 14:00:00,-1109.08
2050-05-08 15:00:00,-1037.05
2050-05-08 16:00:00,236.1
2050-05-08 17:00:00,524.16
2050-05-08 18:00:00,1912.91
2050-05-08 19:00:00,2791.59
2050-05-08 20:00:00,2910.4
2050-05-08 21:00:00,2330.83
2050-05-08 22:00:00,1775.62
2050-05-08 23:00:00,739.21
2050-05-09 00:00:00,-304.42
2050-05-09 01:00:00,-452.18
2050-05-09 02:00:00,-975.46
2050-05-09 03:00:00,-738.93
2050-05-09 04:00:00,-1012.89
2050-05-09 05:00:00,-2457.79
2050-05-09 06:00:00,-3114.61
2050-05-09 07:00:00,-3594.12
2050-05-09 08:00:00,-4141.68
2050-05-09 09:00:00,-4506.24
2050-05-09 10:00:00,-4858.3
2050-05-09 11:00:00,-4201.25
2050-05-09 12:00:00,-4930.73
2050-05-09 13:00:00,-4809.9
2050-05-09 14:00:00,-4457.0
2050-05-09 15:00:00,-3068.88
2050-05-09 16:00:00,-1097.9
2050-05-09 17:00:00,-483.25
2050-05-09 18:00:00,1306.49
2050-05-09 19:00:00,1602.99
2050-05-09 20:00:00,1719.66
2050-05-09 21:00:00,869.44
2050-05-09 22:00:00,951.27
2050-05-09 23:00:00,1219.77
2050-05-10 00:00:00,581.03
2050-05-10 01:00:00,253.82
2050-05-10 02:00:00,898.96
2050-05-10 03:00:00,1529.07
2050-05-10 04:00:00,676.77
2050-05-10 05:00:00,427.84
2050-05-10 06:00:00,1004.9
2050-05-10 07:00:00,1006.13
2050-05-10 08:00:00,543.4
2050-05-10 09:00:00,503.77
2050-05-10 10:00:00,315.7
2050-05-10 11:00:00,51.1
2050-05-10 12:00:00,-211.37
2050-05-10 13:00:00,-326.17
2050-05-10 14:00:00,-1215.65
2050-05-10 15:00:00,-737.79
2050-05-10 16:00:00,-1825.69
2050-05-10 17:00:00,-2392.44
2050-05-10 18:00:00,-1643.75
2050-05-10 19:00:00,-1660.89
2050-05-10 20:00:00,-1521.56
2050-05-10 21:00:00,-1603.43
2050-05-10 22:00:00,-1777.2
2050-05-10 23:00:00,-2022.66
2050-05-11 00:00:00,-849.28
2050-05-11 01:00:00,-915.86
2050-05-11 02:00:00,591.71
2050-05-11 03:00:00,-143.3
2050-05-11 04:00:00,-706.95
2050-05-11 05:00:00,-1998.36
2050-05-11 06:00:00,-2204.54
2050-05-11 07:00:00,-1999.6
2050-05-11 08:00:00,-1771.77
2050-05-11 09:00:00,-2096.79
2050-05-11 10:00:00,-3035.26
2050-05-11 11:00:00,-2749.51
2050-05-11 12:00:00,-2006.46
2050-05-11 13:00:00,-1616.99
2050-05-11 14:00:00,-1932.47
2050-05-11 15:00:00,-2091.68
2050-05-11 16:00:00,-1163.95
2050-05-11 17:00:00,-786.95
2050-05-11 18:00:00,2304.69
2050-05-11 19:00:00,2414.12
2050-05-11 20:00:00,1531.87
2050-05-11 21:00:00,1341.98
2050-05-11 22:00:00,648.17
2050-05-11 23:00:00,520.19
2050-05-12 00:00:00,619.27
2050-05-12 01:00:00,723.22
2050-05-12 02:00:00,428.6
2050-05-12 03:00:00,278.15
2050-05-12 04:00:00,-161.08
2050-05-12 05:00:00,-690.53
2050-05-12 06:00:00,757.18
2050-05-12 07:00:00,-158.0
2050-05-12 08:00:00,-1913.81
2050-05-12 09:00:00,-3896.46
2050-05-12 10:00:00,-2851.93
2050-05-12 11:00:00,-2706.06
2050-05-12 12:00:00,-3695.3
2050-05-12 13:00:00,-2639.13
2050-05-12 14:00:00,-1666.01
2050-05-12 15:00:00,-1726.95
2050-05-12 16:00:00,-1666.09
2050-05-12 17:00:00,-1591.75
2050-05-12 18:00:00,-894.96
2050-05-12 19:00:00,-455.27
2050-05-12 20:00:00,-22.86
2050-05-12 21:00:00,523.87
2050-05-12 22:00:00,-206.11
2050-05-12 23:00:00,-978.66
2050-05-13 00:00:00,-627.79
2050-05-13 01:00:00,-1250.29
2050-05-13 02:00:00,-1213.93
2050-05-13 03:00:00,-931.17
2050-05-13 04:00:00,-677.52
2050-05-13 05:00:00,-355.88
2050-05-13 06:00:00,-144.15
2050-05-13 07:00:00,-847.7
2050-05-13 08:00:00,-1465.59
2050-05-13 09:00:00,-2215.69
2050-05-13 10:00:00,-1708.59
2050-05-13 11:00:00,-2329.18
2050-05-13 12:00:00,-1842.04
2050-05-13 13:00:00,-2613.65
2050-05-13 14:00:00,-1226.19
2050-05-13 15:00:00,-2258.97
2050-05-13 16:00:00,-2441.99
2050-05-13 17:00:00,-671.99
2050-05-13 18:00:00,551.5
2050-05-13 19:00:00,1570.48
2050-05-13 20:00:00,963.59
2050-05-13 21:00:00,269.97
2050-05-13 22:00:00,1267.29
2050-05-13 23:00:00,1259.28
2050-05-14 00:00:00,1041.2
2050-05-14 01:00:00,592.71
2050-05-14 02:00:00,145.45
2050-05-14 03:00:00,423.31
2050-05-14 04:00:00,546.17
2050-05-14 05:00:00,742.18
2050-05-14 06:00:00,-535.61
2050-05-14 07:00:00,-191.77
2050-05-14 08:00:00,-552.56
2050-05-14 09:00:00,-1072.69
2050-05-14 10:00:00,-1356.69
2050-05-14 11:00:00,-1359.87
2050-05-14 12:00:00,-1278.22
2050-05-14 13:00:00,-1084.21
2050-05-14 14:00:00,-353.63
2050-05-14 15:00:00,621.01
2050-05-14 16:00:00,1506.31
2050-05-14 17:00:00,1885.35
2050-05-14 18:00:00,2022.55
2050-05-14 19:00:00,2359.43
2050-05-14 20:00:00,2564.57
2050-05-14 21:00:00,1832.02
2050-05-14 22:00:00,1117.84
2050-05-14 23:00:00,1211.12
2050-05-15 00:00:00,678.24
2050-05-15 01:00:00,290.29
2050-05-15 02:00:00,-402.41
2050-05-15 03:00:00,-1563.69
2050-05-15 04:00:00,-1476.84
2050-05-15 05:00:00,-3301.87
2050-05-15 06:00:00,-2692.54
2050-05-15 07:00:00,-2485.67
2050-05-15 08:00:00,-2139.53
2050-05-15 09:00:00,-2276.81
2050-05-15 10:00:00,-2656.47
2050-05-15 11:00:00,-3698.5
2050-05-15 12:00:00,-861.25
2050-05-15 13:00:00,-1492.32
2050-05-15 14:00:00,-3878.28
2050-05-15 15:00:00,-4392.13
2050-05-15 16:00:00,-3133.26
2050-05-15 17:00:00,-2050.18
2050-05-15 18:00:00,-827.11
2050-05-15 19:00:00,-424.37
2050-05-15 20:00:00,-627.07
2050-05-15 21:00:00,-974.36
2050-05-15 22:00:00,-1477.81
2050-05-15 23:00:00,-1884.18
2050-05-16 00:00:00,-2154.15
2050-05-16 01:00:00,-2402.05
2050-05-16 02:00:00,-3058.07
2050-05-16 03:00:00,-2826.97
2050-05-16 04:00:00,-1778.46
2050-05-16 05:00:00,-3783.31
2050-05-16 06:00:00,-3792.71
2050-05-16 07:00:00,-3132.77
2050-05-16 08:00:00,-3332.33
2050-05-16 09:00:00,-3658.4
2050-05-16 10:00:00,-3835.25
2050-05-16 11:00:00,-4405.64
2050-05-16 12:00:00,-4030.43
2050-05-16 13:00:00,-3865.61
2050-05-16 14:00:00,-2634.82
2050-05-16 15:00:00,-2642.84
2050-05-16 16:00:00,-2903.33
2050-05-16 17:00:00,-1851.72
2050-05-16 18:00:00,-535.44
2050-05-16 19:00:00,-438.25
2050-05-16 20:00:00,1714.9
2050-05-16 21:00:00,748.25
2050-05-16 22:00:00,-1062.59
2050-05-16 23:00:00,-1201.63
2050-05-17 00:00:00,-860.71
2050-05-17 01:00:00,-676.26
2050-05-17 02:00:00,-945.48
2050-05-17 03:00:00,-611.55
2050-05-17 04:00:00,-1559.78
2050-05-17 05:00:00,-1166.93
2050-05-17 06:00:00,-727.62
2050-05-17 07:00:00,-715.76
2050-05-17 08:00:00,-1774.22
2050-05-17 09:00:00,-2053.49
2050-05-17 10:00:00,-3278.11
2050-05-17 11:00:00,-3218.23
2050-05-17 12:00:00,-3335.79
2050-05-17 13:00:00,-3009.2
2050-05-17 14:00:00,-2428.17
2050-05-17 15:00:00,-1101.08
2050-05-17 16:00:00,-94.95
2050-05-17 17:00:00,-406.3
2050-05-17 18:00:00,1593.51
2050-05-17 19:00:00,1547.14
2050-05-17 20:00:00,1473.96
2050-05-17 21:00:00,570.39
2050-05-17 22:00:00,890.04
2050-05-17 23:00:00,821.97
2050-05-18 00:00:00,-390.32
2050-05-18 01:00:00,248.16
2050-05-18 02:00:00,-308.89
2050-05-18 03:00:00,415.89
2050-05-18 04:00:00,239.82
2050-05-18 05:00:00,-871.96
2050-05-18 06:00:00,650.08
2050-05-18 07:00:00,-1485.41
2050-05-18 08:00:00,-2025.21
2050-05-18 09:00:00,-1752.71
2050-05-18 10:00:00,-2537.59
2050-05-18 11:00:00,-1998.12
2050-05-18 12:00:00,-2030.03
2050-05-18 13:00:00,-2918.49
2050-05-18 14:00:00,-3582.76
2050-05-18 15:00:00,-3636.34
2050-05-18 16:00:00,-3370.35
2050-05-18 17:00:00,-2104.84
2050-05-18 18:00:00,-1750.36
2050-05-18 19:00:00,-1089.22
2050-05-18 20:00:00,-1079.75
2050-05-18 21:00:00,-1501.79
2050-05-18 22:00:00,-1361.32
2050-05-18 23:00:00,-1503.58
2050-05-19 00:00:00,-1552.57
2050-05-19 01:00:00,-1630.61
2050-05-19 02:00:00,-1334.65
2050-05-19 03:00:00,-1413.93
2050-05-19 04:00:00,-1102.23
2050-05-19 05:00:00,-888.05
2050-05-19 06:00:00,-2797.14
2050-05-19 07:00:00,-1646.59
2050-05-19 08:00:00,-154.35
2050-05-19 09:00:00,-351.35
2050-05-19 10:00:00,-350.27
2050-05-19 11:00:00,144.07
2050-05-19 12:00:00,-1761.28
2050-05-19 13:00:00,-1399.66
2050-05-19 14:00:00,-1340.64
2050-05-19 15:00:00,103.34
2050-05-19 16:00:00,918.69
2050-05-19 17:00:00,441.14
2050-05-19 18:00:00,315.62
2050-05-19 19:00:00,-698.4
2050-05-19 20:00:00,-1415.05
2050-05-19 21:00:00,-1629.83
2050-05-19 22:00:00,-1939.48
2050-05-19 23:00:00,-2218.44
2050-05-20 00:00:00,-2305.92
2050-05-20 01:00:00,-2274.53
2050-05-20 02:00:00,-2267.0
2050-05-20 03:00:00,-2033.73
2050-05-20 04:00:00,-1685.4
2050-05-20 05:00:00,-1674.5
2050-05-20 06:00:00,-1560.37
2050-05-20 07:00:00,-1134.31
2050-05-20 08:00:00,-1495.53
2050-05-20 09:00:00,-1430.87
2050-05-20 10:00:00,-1197.27
2050-05-20 11:00:00,-899.6
2050-05-20 12:00:00,-385.07
2050-05-20 13:00:00,-517.26
2050-05-20 14:00:00,-1115.52
2050-05-20 15:00:00,-829.07
2050-05-20 16:00:00,-988.32
2050-05-20 17:00:00,-637.3
2050-05-20 18:00:00,27.19
2050-05-20 19:00:00,2486.31
2050-05-20 20:00:00,2200.72
2050-05-20 21:00:00,2222.15
2050-05-20 22:00:00,2741.36
2050-05-20 23:00:00,1584.59
2050-05-21 00:00:00,1801.65
2050-05-21 01:00:00,1552.66
2050-05-21 02:00:00,1463.52
2050-05-21 03:00:00,1443.89
2050-05-21 04:00:00,1592.93
2050-05-21 05:00:00,2103.34
2050-05-21 06:00:00,1476.89
2050-05-21 07:00:00,1850.23
2050-05-21 08:00:00,1100.72
2050-05-21 09:00:00,1155.26
2050-05-21 10:00:00,1427.87
2050-05-21 11:00:00,2328.6
2050-05-21 12:00:00,2315.05
2050-05-21 13:00:00,2269.44
2050-05-21 14:00:00,2807.95
2050-05-21 15:00:00,2783.21
2050-05-21 16:00:00,3188.86
2050-05-21 17:00:00,3641.42
2050-05-21 18:00:00,3473.23
2050-05-21 19:00:00,2395.92
2050-05-21 20:00:00,1086.94
2050-05-21 21:00:00,854.92
2050-05-21 22:00:00,1072.81
2050-05-21 23:00:00,761.47
2050-05-22 00:00:00,674.82
2050-05-22 01:00:00,-184.02
2050-05-22 02:00:00,-463.65
2050-05-22 03:00:00,383.33
2050-05-22 04:00:00,246.98
2050-05-22 05:00:00,-1055.23
2050-05-22 06:00:00,-725.62
2050-05-22 07:00:00,-2154.46
2050-05-22 08:00:00,-1320.64
2050-05-22 09:00:00,-992.54
2050-05-22 10:00:00,498.63
2050-05-22 11:00:00,362.63
2050-05-22 12:00:00,498.86
2050-05-22 13:00:00,849.84
2050-05-22 14:00:00,1526.44
2050-05-22 15:00:00,808.91
2050-05-22 16:00:00,1934.22
2050-05-22 17:00:00,862.95
2050-05-22 18:00:00,1186.11
2050-05-22 19:00:00,1996.88
2050-05-22 20:00:00,1822.19
2050-05-22 21:00:00,2147.16
2050-05-22 22:00:00,1259.94
2050-05-22 23:00:00,960.52
2050-05-23 00:00:00,769.64
2050-05-23 01:00:00,1144.67
2050-05-23 02:00:00,571.32
2050-05-23 03:00:00,313.52
2050-05-23 04:00:00,-75.76
2050-05-23 05:00:00,-435.27
2050-05-23 06:00:00,27.06
2050-05-23 07:00:00,288.33
2050-05-23 08:00:00,208.44
2050-05-23 09:00:00,404.73
2050-05-23 10:00:00,-743.18
2050-05-23 11:00:00,749.36
2050-05-23 12:00:00,1307.67
2050-05-23 13:00:00,2021.02
2050-05-23 14:00:00,2126.35
2050-05-23 15:00:00,2145.95
2050-05-23 16:00:00,2369.79
2050-05-23 17:00:00,2194.84
2050-05-23 18:00:00,2589.72
2050-05-23 19:00:00,1986.47
2050-05-23 20:00:00,1653.12
2050-05-23 21:00:00,2110.57
2050-05-23 22:00:00,276.75
2050-05-23 23:00:00,-498.72
2050-05-24 00:00:00,-605.36
2050-05-24 01:00:00,-197.35
2050-05-24 02:00:00,-365.92
2050-05-24 03:00:00,-436.0
2050-05-24 04:00:00,-11.49
2050-05-24 05:00:00,13.49
2050-05-24 06:00:00,-1160.95
2050-05-24 07:00:00,-1832.49
2050-05-24 08:00:00,-1977.23
2050-05-24 09:00:00,211.94
2050-05-24 10:00:00,-1817.74
2050-05-24 11:00:00,-2594.9
2050-05-24 12:00:00,-2366.16
2050-05-24 13:00:00,-2377.09
2050-05-24 14:00:00,-1215.48
2050-05-24 15:00:00,-345.23
2050-05-24 16:00:00,551.57
2050-05-24 17:00:00,575.23
2050-05-24 18:00:00,1562.63
2050-05-24 19:00:00,2211.06
2050-05-24 20:00:00,1310.3
2050-05-24 21:00:00,-27.59
2050-05-24 22:00:00,-243.38
2050-05-24 23:00:00,-194.09
2050-05-25 00:00:00,-346.49
2050-05-25 01:00:00,-489.98
2050-05-25 02:00:00,-924.91
2050-05-25 03:00:00,-1209.33
2050-05-25 04:00:00,-953.58
2050-05-25 05:00:00,-1450.15
2050-05-25 06:00:00,-2118.98
2050-05-25 07:00:00,-1297.1
2050-05-25 08:00:00,-1817.98
2050-05-25 09:00:00,-1848.46
2050-05-25 10:00:00,-2345.03
2050-05-25 11:00:00,-2046.27
2050-05-25 12:00:00,-1429.4
2050-05-25 13:00:00,-1710.5
2050-05-25 14:00:00,-1456.07
2050-05-25 15:00:00,-1920.02
2050-05-25 16:00:00,-772.55
2050-05-25 17:00:00,-104.34
2050-05-25 18:00:00,613.39
2050-05-25 19:00:00,1474.14
2050-05-25 20:00:00,1626.51
2050-05-25 21:00:00,955.56
2050-05-25 22:00:00,403.88
2050-05-25 23:00:00,-115.26
2050-05-26 00:00:00,-136.17
2050-05-26 01:00:00,-1405.01
2050-05-26 02:00:00,-1311.5
2050-05-26 03:00:00,-802.73
2050-05-26 04:00:00,-926.64
2050-05-26 05:00:00,-2834.48
2050-05-26 06:00:00,-2716.24
2050-05-26 07:00:00,-1677.51
2050-05-26 08:00:00,-1647.69
2050-05-26 09:00:00,-1585.11
2050-05-26 10:00:00,-2092.05
2050-05-26 11:00:00,-2279.04
2050-05-26 12:00:00,-1676.07
2050-05-26 13:00:00,-1759.93
2050-05-26 14:00:00,-2778.28
2050-05-26 15:00:00,-1956.78
2050-05-26 16:00:00,-727.88
2050-05-26 17:00:00,560.44
2050-05-26 18:00:00,-65.39
2050-05-26 19:00:00,1301.22
2050-05-26 20:00:00,1747.76
2050-05-26 21:00:00,1140.64
2050-05-26 22:00:00,1491.34
2050-05-26 23:00:00,-660.42
2050-05-27 00:00:00,-193.52
2050-05-27 01:00:00,308.33
2050-05-27 02:00:00,-591.3
2050-05-27 03:00:00,-2239.38
2050-05-27 04:00:00,-883.97
2050-05-27 05:00:00,-2032.25
2050-05-27 06:00:00,-2281.74
2050-05-27 07:00:00,-1346.46
2050-05-27 08:00:00,-976.5
2050-05-27 09:00:00,-750.71
2050-05-27 10:00:00,-522.25
2050-05-27 11:00:00,-1507.75
2050-05-27 12:00:00,-1408.47
2050-05-27 13:00:00,-1098.55
2050-05-27 14:00:00,-906.65
2050-05-27 15:00:00,-1181.67
2050-05-27 16:00:00,-212.71
2050-05-27 17:00:00,-369.93
2050-05-27 18:00:00,822.13
2050-05-27 19:00:00,-113.03
2050-05-27 20:00:00,-194.98
2050-05-27 21:00:00,-526.86
2050-05-27 22:00:00,-788.08
2050-05-27 23:00:00,-505.29
2050-05-28 00:00:00,-1373.51
2050-05-28 01:00:00,-2448.66
2050-05-28 02:00:00,-2003.15
2050-05-28 03:00:00,-791.74
2050-05-28 04:00:00,-293.95
2050-05-28 05:00:00,-1319.28
2050-05-28 06:00:00,-1286.76
2050-05-28 07:00:00,-2366.9
2050-05-28 08:00:00,-1883.2
2050-05-28 09:00:00,-3193.0
2050-05-28 10:00:00,-3208.23
2050-05-28 11:00:00,-2694.79
2050-05-28 12:00:00,-2705.95
2050-05-28 13:00:00,-1834.05
2050-05-28 14:00:00,-1517.4
2050-05-28 15:00:00,-3337.94
2050-05-28 16:00:00,-2233.48
2050-05-28 17:00:00,-1348.08
2050-05-28 18:00:00,-924.34
2050-05-28 19:00:00,-857.67
2050-05-28 20:00:00,-975.19
2050-05-28 21:00:00,-1309.94
2050-05-28 22:00:00,-1742.45
2050-05-28 23:00:00,-2183.59
2050-05-29 00:00:00,-2516.1
2050-05-29 01:00:00,-1848.55
2050-05-29 02:00:00,-3050.44
2050-05-29 03:00:00,-1599.26
2050-05-29 04:00:00,-1691.56
2050-05-29 05:00:00,-1384.6
2050-05-29 06:00:00,-498.43
2050-05-29 07:00:00,-1737.03
2050-05-29 08:00:00,-2557.88
2050-05-29 09:00:00,-3618.37
2050-05-29 10:00:00,-4075.38
2050-05-29 11:00:00,-3001.69
2050-05-29 12:00:00,-1069.62
2050-05-29 13:00:00,-375.86
2050-05-29 14:00:00,-1088.63
2050-05-29 15:00:00,-1479.67
2050-05-29 16:00:00,-1434.88
2050-05-29 17:00:00,-811.13
2050-05-29 18:00:00,-686.79
2050-05-29 19:00:00,1338.05
2050-05-29 20:00:00,1092.96
2050-05-29 21:00:00,1093.93
2050-05-29 22:00:00,864.03
2050-05-29 23:00:00,-105.9
2050-05-30 00:00:00,51.16
2050-05-30 01:00:00,-148.7
2050-05-30 02:00:00,-567.96
2050-05-30 03:00:00,-481.04
2050-05-30 04:00:00,-948.32
2050-05-30 05:00:00,-1466.33
2050-05-30 06:00:00,-1070.97
2050-05-30 07:00:00,-708.59
2050-05-30 08:00:00,-730.65
2050-05-30 09:00:00,-869.93
2050-05-30 10:00:00,-1515.87
2050-05-30 11:00:00,-1716.94
2050-05-30 12:00:00,-1816.68
2050-05-30 13:00:00,-2636.39
2050-05-30 14:00:00,-3434.11
2050-05-30 15:00:00,-2595.53
2050-05-30 16:00:00,-1881.41
2050-05-30 17:00:00,347.46
2050-05-30 18:00:00,753.18
2050-05-30 19:00:00,1223.56
2050-05-30 20:00:00,1126.03
2050-05-30 21:00:00,158.91
2050-05-30 22:00:00,1116.34
2050-05-30 23:00:00,409.59
2050-05-31 00:00:00,227.44
2050-05-31 01:00:00,338.87
2050-05-31 02:00:00,-177.75
2050-05-31 03:00:00,-733.82
2050-05-31 04:00:00,-510.65
2050-05-31 05:00:00,-3098.06
2050-05-31 06:00:00,-988.53
2050-05-31 07:00:00,-953.12
2050-05-31 08:00:00,2.95
2050-05-31 09:00:00,3.16
2050-05-31 10:00:00,-408.82
2050-05-31 11:00:00,-1599.79
2050-05-31 12:00:00,-1700.39
2050-05-31 13:00:00,-905.6
2050-05-31 14:00:00,-21.9
2050-05-31 15:00:00,137.01
2050-05-31 16:00:00,1393.5
2050-05-31 17:00:00,1315.55
2050-05-31 18:00:00,1601.33
2050-05-31 19:00:00,1567.76
2050-05-31 20:00:00,1381.83
2050-05-31 21:00:00,913.19
2050-05-31 22:00:00,171.13
2050-05-31 23:00:00,1024.76
2050-06-01 00:00:00,436.53
2050-06-01 01:00:00,528.86
2050-06-01 02:00:00,1637.37
2050-06-01 03:00:00,1524.35
2050-06-01 04:00:00,1509.11
2050-06-01 05:00:00,304.57
2050-06-01 06:00:00,465.26
2050-06-01 07:00:00,-98.35
2050-06-01 08:00:00,199.73
2050-06-01 09:00:00,48.66
2050-06-01 10:00:00,174.9
2050-06-01 11:00:00,393.47
2050-06-01 12:00:00,851.0
2050-06-01 13:00:00,2719.86
2050-06-01 14:00:00,1844.58
2050-06-01 15:00:00,3066.85
2050-06-01 16:00:00,2101.38
2050-06-01 17:00:00,2069.94
2050-06-01 18:00:00,2705.73
2050-06-01 19:00:00,2878.85
2050-06-01 20:00:00,2880.29
2050-06-01 21:00:00,3412.74
2050-06-01 22:00:00,3366.04
2050-06-01 23:00:00,3261.92
2050-06-02 00:00:00,2129.03
2050-06-02 01:00:00,1793.04
2050-06-02 02:00:00,1436.61
2050-06-02 03:00:00,1313.83
2050-06-02 04:00:00,1811.44
2050-06-02 05:00:00,1550.49
2050-06-02 06:00:00,1344.37
2050-06-02 07:00:00,1674.43
2050-06-02 08:00:00,1506.19
2050-06-02 09:00:00,2970.92
2050-06-02 10:00:00,81.84
2050-06-02 11:00:00,-8.45
2050-06-02 12:00:00,-179.76
2050-06-02 13:00:00,436.64
2050-06-02 14:00:00,1053.62
2050-06-02 15:00:00,794.38
2050-06-02 16:00:00,1160.05
2050-06-02 17:00:00,2527.49
2050-06-02 18:00:00,3659.04
2050-06-02 19:00:00,4007.12
2050-06-02 20:00:00,4132.21
2050-06-02 21:00:00,2764.8
2050-06-02 22:00:00,3738.09
2050-06-02 23:00:00,2723.22
2050-06-03 00:00:00,2665.82
2050-06-03 01:00:00,1866.99
2050-06-03 02:00:00,762.81
2050-06-03 03:00:00,1373.21
2050-06-03 04:00:00,1315.04
2050-06-03 05:00:00,-947.39
2050-06-03 06:00:00,-1833.91
2050-06-03 07:00:00,-1931.47
2050-06-03 08:00:00,-2675.48
2050-06-03 09:00:00,-3032.95
2050-06-03 10:00:00,-2863.83
2050-06-03 11:00:00,-2607.9
2050-06-03 12:00:00,-2714.65
2050-06-03 13:00:00,-1240.4
2050-06-03 14:00:00,788.75
2050-06-03 15:00:00,-212.92
2050-06-03 16:00:00,-527.92
2050-06-03 17:00:00,1470.66
2050-06-03 18:00:00,1509.2
2050-06-03 19:00:00,1928.35
2050-06-03 20:00:00,1350.64
2050-06-03 21:00:00,776.26
2050-06-03 22:00:00,547.74
2050-06-03 23:00:00,1264.67
2050-06-04 00:00:00,718.77
2050-06-04 01:00:00,458.62
2050-06-04 02:00:00,455.73
2050-06-04 03:00:00,593.66
2050-06-04 04:00:00,767.7
2050-06-04 05:00:00,893.86
2050-06-04 06:00:00,244.57
2050-06-04 07:00:00,1142.25
2050-06-04 08:00:00,812.67
2050-06-04 09:00:00,2070.27
2050-06-04 10:00:00,2363.4
2050-06-04 11:00:00,2057.44
2050-06-04 12:00:00,2521.26
2050-06-04 13:00:00,944.31
2050-06-04 14:00:00,2041.7
2050-06-04 15:00:00,1629.09
2050-06-04 16:00:00,2781.92
2050-06-04 17:00:00,1726.01
2050-06-04 18:00:00,3758.63
2050-06-04 19:00:00,3158.58
2050-06-04 20:00:00,2595.87
2050-06-04 21:00:00,2206.08
2050-06-04 22:00:00,2661.62
2050-06-04 23:00:00,1663.66
2050-06-05 00:00:00,1494.34
2050-06-05 01:00:00,1502.86
2050-06-05 02:00:00,769.74
2050-06-05 03:00:00,1115.34
2050-06-05 04:00:00,358.77
2050-06-05 05:00:00,65.06
2050-06-05 06:00:00,-1996.98
2050-06-05 07:00:00,-1269.78
2050-06-05 08:00:00,-941.79
2050-06-05 09:00:00,-1894.35
2050-06-05 10:00:00,-2139.07
2050-06-05 11:00:00,989.91
2050-06-05 12:00:00,1304.54
2050-06-05 13:00:00,1110.09
2050-06-05 14:00:00,1034.68
2050-06-05 15:00:00,942.92
2050-06-05 16:00:00,2298.14
2050-06-05 17:00:00,1303.93
2050-06-05 18:00:00,1495.3
2050-06-05 19:00:00,2054.38
2050-06-05 20:00:00,2146.61
2050-06-05 21:00:00,1521.86
2050-06-05 22:00:00,1237.98
2050-06-05 23:00:00,1620.02
2050-06-06 00:00:00,1360.98
2050-06-06 01:00:00,529.95
2050-06-06 02:00:00,50.13
2050-06-06 03:00:00,766.88
2050-06-06 04:00:00,1322.49
2050-06-06 05:00:00,-96.16
2050-06-06 06:00:00,-1610.5
2050-06-06 07:00:00,-1665.65
2050-06-06 08:00:00,-1192.89
2050-06-06 09:00:00,214.19
2050-06-06 10:00:00,1522.43
2050-06-06 11:00:00,1842.18
2050-06-06 12:00:00,2737.95
2050-06-06 13:00:00,1095.68
2050-06-06 14:00:00,-73.88
2050-06-06 15:00:00,-584.26
2050-06-06 16:00:00,-644.82
2050-06-06 17:00:00,1603.58
2050-06-06 18:00:00,1259.2
2050-06-06 19:00:00,2040.4
2050-06-06 20:00:00,1624.5
2050-06-06 21:00:00,1321.22
2050-06-06 22:00:00,831.87
2050-06-06 23:00:00,253.63
2050-06-07 00:00:00,391.97
2050-06-07 01:00:00,379.37
2050-06-07 02:00:00,584.94
2050-06-07 03:00:00,310.92
2050-06-07 04:00:00,366.65
2050-06-07 05:00:00,-575.01
2050-06-07 06:00:00,-1507.66
2050-06-07 07:00:00,-1397.32
2050-06-07 08:00:00,-1532.28
2050-06-07 09:00:00,-1815.93
2050-06-07 10:00:00,-2066.68
2050-06-07 11:00:00,-2632.15
2050-06-07 12:00:00,-369.18
2050-06-07 13:00:00,1213.11
2050-06-07 14:00:00,-278.43
2050-06-07 15:00:00,-535.77
2050-06-07 16:00:00,647.92
2050-06-07 17:00:00,2086.01
2050-06-07 18:00:00,2868.37
2050-06-07 19:00:00,3645.65
2050-06-07 20:00:00,3084.13
2050-06-07 21:00:00,2895.64
2050-06-07 22:00:00,2169.43
2050-06-07 23:00:00,1513.47
2050-06-08 00:00:00,1180.35
2050-06-08 01:00:00,820.1
2050-06-08 02:00:00,1216.62
2050-06-08 03:00:00,1261.51
2050-06-08 04:00:00,837.37
2050-06-08 05:00:00,-1351.7
2050-06-08 06:00:00,-921.71
2050-06-08 07:00:00,-1319.06
2050-06-08 08:00:00,-1099.66
2050-06-08 09:00:00,-1504.79
2050-06-08 10:00:00,-1905.7
2050-06-08 11:00:00,-1864.28
2050-06-08 12:00:00,-1300.06
2050-06-08 13:00:00,-2072.26
2050-06-08 14:00:00,-2082.63
2050-06-08 15:00:00,-2029.3
2050-06-08 16:00:00,-2409.51
2050-06-08 17:00:00,-1507.69
2050-06-08 18:00:00,561.06
2050-06-08 19:00:00,523.54
2050-06-08 20:00:00,-45.17
2050-06-08 21:00:00,-547.63
2050-06-08 22:00:00,705.83
2050-06-08 23:00:00,-104.53
2050-06-09 00:00:00,-157.91
2050-06-09 01:00:00,-231.79
2050-06-09 02:00:00,-490.96
2050-06-09 03:00:00,-227.07
2050-06-09 04:00:00,-168.28
2050-06-09 05:00:00,-2400.48
2050-06-09 06:00:00,-2915.66
2050-06-09 07:00:00,-1522.78
2050-06-09 08:00:00,-816.62
2050-06-09 09:00:00,-172.22
2050-06-09 10:00:00,-20.5
2050-06-09 11:00:00,-1230.61
2050-06-09 12:00:00,-362.09
2050-06-09 13:00:00,-609.09
2050-06-09 14:00:00,-96.25
2050-06-09 15:00:00,-3195.38
2050-06-09 16:00:00,-2430.56
2050-06-09 17:00:00,-359.94
2050-06-09 18:00:00,75.0
2050-06-09 19:00:00,32.6
2050-06-09 20:00:00,534.76
2050-06-09 21:00:00,641.49
2050-06-09 22:00:00,375.95
2050-06-09 23:00:00,-179.16
2050-06-10 00:00:00,-602.65
2050-06-10 01:00:00,-459.77
2050-06-10 02:00:00,-723.65
2050-06-10 03:00:00,-639.61
2050-06-10 04:00:00,-254.67
2050-06-10 05:00:00,357.53
2050-06-10 06:00:00,-85.36
2050-06-10 07:00:00,170.16
2050-06-10 08:00:00,-1682.89
2050-06-10 09:00:00,-2496.06
2050-06-10 10:00:00,-2430.44
2050-06-10 11:00:00,-1709.64
2050-06-10 12:00:00,-704.32
2050-06-10 13:00:00,-410.9
2050-06-10 14:00:00,-1486.36
2050-06-10 15:00:00,-2234.14
2050-06-10 16:00:00,-1943.03
2050-06-10 17:00:00,-1224.39
2050-06-10 18:00:00,-37.69
2050-06-10 19:00:00,77.44
2050-06-10 20:00:00,14.32
2050-06-10 21:00:00,64.54
2050-06-10 22:00:00,418.33
2050-06-10 23:00:00,-1.31
2050-06-11 00:00:00,-490.99
2050-06-11 01:00:00,-1358.07
2050-06-11 02:00:00,-1934.46
2050-06-11 03:00:00,-1437.5
2050-06-11 04:00:00,-1397.92
2050-06-11 05:00:00,-3263.11
2050-06-11 06:00:00,-1718.33
2050-06-11 07:00:00,-1955.75
2050-06-11 08:00:00,-3170.92
2050-06-11 09:00:00,-1850.84
2050-06-11 10:00:00,-2765.28
2050-06-11 11:00:00,-4567.94
2050-06-11 12:00:00,-5072.41
2050-06-11 13:00:00,-5304.76
2050-06-11 14:00:00,-4870.64
2050-06-11 15:00:00,-4192.72
2050-06-11 16:00:00,-3609.44
2050-06-11 17:00:00,-2349.72
2050-06-11 18:00:00,-1292.96
2050-06-11 19:00:00,-934.95
2050-06-11 20:00:00,-978.82
2050-06-11 21:00:00,-938.48
2050-06-11 22:00:00,-1404.53
2050-06-11 23:00:00,-1637.61
2050-06-12 00:00:00,-1005.14
2050-06-12 01:00:00,-383.56
2050-06-12 02:00:00,-383.84
2050-06-12 03:00:00,-237.58
2050-06-12 04:00:00,-239.72
2050-06-12 05:00:00,-490.59
2050-06-12 06:00:00,-362.91
2050-06-12 07:00:00,-630.0
2050-06-12 08:00:00,-893.85
2050-06-12 09:00:00,407.99
2050-06-12 10:00:00,322.31
2050-06-12 11:00:00,705.16
2050-06-12 12:00:00,837.62
2050-06-12 13:00:00,1118.54
2050-06-12 14:00:00,831.56
2050-06-12 15:00:00,-1330.87
2050-06-12 16:00:00,-353.77
2050-06-12 17:00:00,-98.33
2050-06-12 18:00:00,1310.63
2050-06-12 19:00:00,156.78
2050-06-12 20:00:00,-410.35
2050-06-12 21:00:00,892.7
2050-06-12 22:00:00,534.73
2050-06-12 23:00:00,429.97
2050-06-13 00:00:00,-319.25
2050-06-13 01:00:00,-1778.48
2050-06-13 02:00:00,-1694.87
2050-06-13 03:00:00,-1431.46
2050-06-13 04:00:00,-1338.18
2050-06-13 05:00:00,-991.7
2050-06-13 06:00:00,-1843.23
2050-06-13 07:00:00,-1221.37
2050-06-13 08:00:00,-975.95
2050-06-13 09:00:00,-324.04
2050-06-13 10:00:00,451.38
2050-06-13 11:00:00,-456.1
2050-06-13 12:00:00,740.09
2050-06-13 13:00:00,655.97
2050-06-13 14:00:00,420.36
2050-06-13 15:00:00,1399.08
2050-06-13 16:00:00,2441.25
2050-06-13 17:00:00,2730.75
2050-06-13 18:00:00,3849.82
2050-06-13 19:00:00,3471.27
2050-06-13 20:00:00,4024.07
2050-06-13 21:00:00,3539.61
2050-06-13 22:00:00,2339.28
2050-06-13 23:00:00,1321.65
2050-06-14 00:00:00,1148.47
2050-06-14 01:00:00,1263.75
2050-06-14 02:00:00,-295.28
2050-06-14 03:00:00,-775.69
2050-06-14 04:00:00,-1431.94
2050-06-14 05:00:00,-4561.84
2050-06-14 06:00:00,-3517.46
2050-06-14 07:00:00,-3070.64
2050-06-14 08:00:00,-1428.04
2050-06-14 09:00:00,420.87
2050-06-14 10:00:00,105.46
2050-06-14 11:00:00,805.63
2050-06-14 12:00:00,478.5
2050-06-14 13:00:00,717.32
2050-06-14 14:00:00,1551.08
2050-06-14 15:00:00,1455.45
2050-06-14 16:00:00,1457.55
2050-06-14 17:00:00,1124.08
2050-06-14 18:00:00,1966.66
2050-06-14 19:00:00,2541.07
2050-06-14 20:00:00,2278.66
2050-06-14 21:00:00,3567.51
2050-06-14 22:00:00,1141.62
2050-06-14 23:00:00,905.88
2050-06-15 00:00:00,1527.52
2050-06-15 01:00:00,1285.12
2050-06-15 02:00:00,-287.38
2050-06-15 03:00:00,462.7
2050-06-15 04:00:00,555.1
2050-06-15 05:00:00,-1534.64
2050-06-15 06:00:00,-1858.66
2050-06-15 07:00:00,-1849.3
2050-06-15 08:00:00,-1320.68
2050-06-15 09:00:00,-1392.95
2050-06-15 10:00:00,-1414.31
2050-06-15 11:00:00,-962.73
2050-06-15 12:00:00,-595.93
2050-06-15 13:00:00,-737.25
2050-06-15 14:00:00,-527.66
2050-06-15 15:00:00,125.37
2050-06-15 16:00:00,900.77
2050-06-15 17:00:00,1485.0
2050-06-15 18:00:00,2255.57
2050-06-15 19:00:00,2673.92
2050-06-15 20:00:00,1952.32
2050-06-15 21:00:00,1535.84
2050-06-15 22:00:00,1023.09
2050-06-15 23:00:00,1426.62
2050-06-16 00:00:00,1337.22
2050-06-16 01:00:00,1527.38
2050-06-16 02:00:00,926.46
2050-06-16 03:00:00,907.32
2050-06-16 04:00:00,1267.19
2050-06-16 05:00:00,-1117.24
2050-06-16 06:00:00,-861.87
2050-06-16 07:00:00,-1302.91
2050-06-16 08:00:00,-1324.97
2050-06-16 09:00:00,-1384.27
2050-06-16 10:00:00,-1756.42
2050-06-16 11:00:00,-1602.52
2050-06-16 12:00:00,-1437.67
2050-06-16 13:00:00,-1444.31
2050-06-16 14:00:00,-660.59
2050-06-16 15:00:00,534.45
2050-06-16 16:00:00,786.06
2050-06-16 17:00:00,1041.33
2050-06-16 18:00:00,3001.29
2050-06-16 19:00:00,3396.59
2050-06-16 20:00:00,3209.81
2050-06-16 21:00:00,2761.17
2050-06-16 22:00:00,1959.7
2050-06-16 23:00:00,1545.13
2050-06-17 00:00:00,1924.66
2050-06-17 01:00:00,2393.14
2050-06-17 02:00:00,2380.26
2050-06-17 03:00:00,2251.96
2050-06-17 04:00:00,1979.97
2050-06-17 05:00:00,980.18
2050-06-17 06:00:00,565.68
2050-06-17 07:00:00,570.25
2050-06-17 08:00:00,100.11
2050-06-17 09:00:00,278.98
2050-06-17 10:00:00,-204.42
2050-06-17 11:00:00,-1020.25
2050-06-17 12:00:00,-1247.31
2050-06-17 13:00:00,-838.74
2050-06-17 14:00:00,385.01
2050-06-17 15:00:00,1400.46
2050-06-17 16:00:00,1979.76
2050-06-17 17:00:00,1084.71
2050-06-17 18:00:00,2331.96
2050-06-17 19:00:00,3503.41
2050-06-17 20:00:00,3181.68
2050-06-17 21:00:00,3199.41
2050-06-17 22:00:00,2009.07
2050-06-17 23:00:00,2334.64
2050-06-18 00:00:00,1910.63
2050-06-18 01:00:00,1958.77
2050-06-18 02:00:00,1700.77
2050-06-18 03:00:00,995.88
2050-06-18 04:00:00,952.59
2050-06-18 05:00:00,659.61
2050-06-18 06:00:00,-1407.01
2050-06-18 07:00:00,-876.35
2050-06-18 08:00:00,-803.67
2050-06-18 09:00:00,-1388.12
2050-06-18 10:00:00,-1629.54
2050-06-18 11:00:00,-2195.9
2050-06-18 12:00:00,-2788.09
2050-06-18 13:00:00,-2432.01
2050-06-18 14:00:00,-1013.64
2050-06-18 15:00:00,-1440.58
2050-06-18 16:00:00,-1112.82
2050-06-18 17:00:00,-867.09
2050-06-18 18:00:00,543.39
2050-06-18 19:00:00,855.75
2050-06-18 20:00:00,1324.56
2050-06-18 21:00:00,1597.0
2050-06-18 22:00:00,1649.98
2050-06-18 23:00:00,1301.84
2050-06-19 00:00:00,766.32
2050-06-19 01:00:00,-133.64
2050-06-19 02:00:00,-499.43
2050-06-19 03:00:00,176.39
2050-06-19 04:00:00,-409.92
2050-06-19 05:00:00,86.88
2050-06-19 06:00:00,-918.81
2050-06-19 07:00:00,-933.45
2050-06-19 08:00:00,-662.83
2050-06-19 09:00:00,-65.61
2050-06-19 10:00:00,629.91
2050-06-19 11:00:00,112.33
2050-06-19 12:00:00,665.87
2050-06-19 13:00:00,-956.43
2050-06-19 14:00:00,-347.21
2050-06-19 15:00:00,-729.05
2050-06-19 16:00:00,105.41
2050-06-19 17:00:00,1069.65
2050-06-19 18:00:00,2240.15
2050-06-19 19:00:00,3987.85
2050-06-19 20:00:00,1961.6
2050-06-19 21:00:00,3448.56
2050-06-19 22:00:00,2795.57
2050-06-19 23:00:00,3513.67
2050-06-20 00:00:00,2760.39
2050-06-20 01:00:00,1079.1
2050-06-20 02:00:00,105.37
2050-06-20 03:00:00,383.01
2050-06-20 04:00:00,635.89
2050-06-20 05:00:00,-692.57
2050-06-20 06:00:00,-916.47
2050-06-20 07:00:00,-953.4
2050-06-20 08:00:00,-591.83
2050-06-20 09:00:00,-757.38
2050-06-20 10:00:00,-1260.97
2050-06-20 11:00:00,-979.74
2050-06-20 12:00:00,-751.75
2050-06-20 13:00:00,-304.82
2050-06-20 14:00:00,167.22
2050-06-20 15:00:00,430.07
2050-06-20 16:00:00,1165.09
2050-06-20 17:00:00,1760.28
2050-06-20 18:00:00,1602.77
2050-06-20 19:00:00,2046.83
2050-06-20 20:00:00,2275.1
2050-06-20 21:00:00,618.0
2050-06-20 22:00:00,594.5
2050-06-20 23:00:00,-262.75
2050-06-21 00:00:00,-1036.33
2050-06-21 01:00:00,-1790.21
2050-06-21 02:00:00,-2374.9
2050-06-21 03:00:00,-1871.5
2050-06-21 04:00:00,-1009.33
2050-06-21 05:00:00,-3009.56
2050-06-21 06:00:00,-2584.14
2050-06-21 07:00:00,-1871.09
2050-06-21 08:00:00,-998.75
2050-06-21 09:00:00,-1502.92
2050-06-21 10:00:00,-1575.82
2050-06-21 11:00:00,-1285.74
2050-06-21 12:00:00,-738.05
2050-06-21 13:00:00,431.83
2050-06-21 14:00:00,306.65
2050-06-21 15:00:00,641.73
2050-06-21 16:00:00,1163.49
2050-06-21 17:00:00,1861.29
2050-06-21 18:00:00,3812.96
2050-06-21 19:00:00,3612.72
2050-06-21 20:00:00,3106.1
2050-06-21 21:00:00,1828.06
2050-06-21 22:00:00,1077.74
2050-06-21 23:00:00,1229.44
2050-06-22 00:00:00,849.35
2050-06-22 01:00:00,105.51
2050-06-22 02:00:00,401.6
2050-06-22 03:00:00,-180.12
2050-06-22 04:00:00,545.34
2050-06-22 05:00:00,-1852.75
2050-06-22 06:00:00,-730.34
2050-06-22 07:00:00,-2082.81
2050-06-22 08:00:00,-1276.39
2050-06-22 09:00:00,-1789.48
2050-06-22 10:00:00,-2213.18
2050-06-22 11:00:00,-1567.07
2050-06-22 12:00:00,-1156.32
2050-06-22 13:00:00,773.11
2050-06-22 14:00:00,2043.31
2050-06-22 15:00:00,1986.46
2050-06-22 16:00:00,1140.73
2050-06-22 17:00:00,1787.81
2050-06-22 18:00:00,1935.16
2050-06-22 19:00:00,1989.94
2050-06-22 20:00:00,1585.67
2050-06-22 21:00:00,1256.71
2050-06-22 22:00:00,687.83
2050-06-22 23:00:00,592.31
2050-06-23 00:00:00,197.76
2050-06-23 01:00:00,-305.47
2050-06-23 02:00:00,-1305.6
2050-06-23 03:00:00,-1639.53
2050-06-23 04:00:00,-513.11
2050-06-23 05:00:00,-1686.16
2050-06-23 06:00:00,-2114.29
2050-06-23 07:00:00,-2010.54
2050-06-23 08:00:00,-1731.99
2050-06-23 09:00:00,-2135.25
2050-06-23 10:00:00,-2273.32
2050-06-23 11:00:00,-1700.05
2050-06-23 12:00:00,-1317.49
2050-06-23 13:00:00,-896.42
2050-06-23 14:00:00,-711.83
2050-06-23 15:00:00,-323.56
2050-06-23 16:00:00,461.65
2050-06-23 17:00:00,735.3
2050-06-23 18:00:00,1064.01
2050-06-23 19:00:00,1903.44
2050-06-23 20:00:00,2814.73
2050-06-23 21:00:00,3340.67
2050-06-23 22:00:00,2792.1
2050-06-23 23:00:00,2291.25
2050-06-24 00:00:00,1175.95
2050-06-24 01:00:00,870.44
2050-06-24 02:00:00,792.65
2050-06-24 03:00:00,860.62
2050-06-24 04:00:00,1101.67
2050-06-24 05:00:00,-1489.75
2050-06-24 06:00:00,-1055.83
2050-06-24 07:00:00,-613.09
2050-06-24 08:00:00,461.19
2050-06-24 09:00:00,103.79
2050-06-24 10:00:00,255.54
2050-06-24 11:00:00,546.9
2050-06-24 12:00:00,400.38
2050-06-24 13:00:00,255.58
2050-06-24 14:00:00,1150.16
2050-06-24 15:00:00,2060.28
2050-06-24 16:00:00,2116.93
2050-06-24 17:00:00,2685.97
2050-06-24 18:00:00,2454.91
2050-06-24 19:00:00,2969.5
2050-06-24 20:00:00,2078.48
2050-06-24 21:00:00,1976.21
2050-06-24 22:00:00,1793.46
2050-06-24 23:00:00,2412.78
2050-06-25 00:00:00,1672.67
2050-06-25 01:00:00,1147.03
2050-06-25 02:00:00,1325.24
2050-06-25 03:00:00,931.86
2050-06-25 04:00:00,870.34
2050-06-25 05:00:00,1035.18
2050-06-25 06:00:00,1262.95
2050-06-25 07:00:00,1302.21
2050-06-25 08:00:00,2607.75
2050-06-25 09:00:00,3007.48
2050-06-25 10:00:00,3096.36
2050-06-25 11:00:00,2148.55
2050-06-25 12:00:00,1165.44
2050-06-25 13:00:00,750.31
2050-06-25 14:00:00,1232.04
2050-06-25 15:00:00,1664.69
2050-06-25 16:00:00,2832.19
2050-06-25 17:00:00,3847.55
2050-06-25 18:00:00,4738.07
2050-06-25 19:00:00,4588.18
2050-06-25 20:00:00,4376.06
2050-06-25 21:00:00,3866.42
2050-06-25 22:00:00,3808.28
2050-06-25 23:00:00,2778.17
2050-06-26 00:00:00,3131.4
2050-06-26 01:00:00,2996.32
2050-06-26 02:00:00,2699.96
2050-06-26 03:00:00,2308.52
2050-06-26 04:00:00,2202.84
2050-06-26 05:00:00,-69.07
2050-06-26 06:00:00,140.02
2050-06-26 07:00:00,797.22
2050-06-26 08:00:00,730.21
2050-06-26 09:00:00,1826.1
2050-06-26 10:00:00,2314.25
2050-06-26 11:00:00,827.27
2050-06-26 12:00:00,1125.98
2050-06-26 13:00:00,1105.95
2050-06-26 14:00:00,1719.88
2050-06-26 15:00:00,470.36
2050-06-26 16:00:00,320.08
2050-06-26 17:00:00,256.9
2050-06-26 18:00:00,1882.21
2050-06-26 19:00:00,2095.48
2050-06-26 20:00:00,2179.53
2050-06-26 21:00:00,1678.06
2050-06-26 22:00:00,1570.91
2050-06-26 23:00:00,881.34
2050-06-27 00:00:00,297.22
2050-06-27 01:00:00,-147.54
2050-06-27 02:00:00,-252.57
2050-06-27 03:00:00,-21.57
2050-06-27 04:00:00,1107.95
2050-06-27 05:00:00,-1315.05
2050-06-27 06:00:00,-3434.28
2050-06-27 07:00:00,-2949.62
2050-06-27 08:00:00,-2740.88
2050-06-27 09:00:00,-2191.33
2050-06-27 10:00:00,-2436.68
2050-06-27 11:00:00,-1989.03
2050-06-27 12:00:00,-2500.81
2050-06-27 13:00:00,-2076.53
2050-06-27 14:00:00,-2012.25
2050-06-27 15:00:00,-560.11
2050-06-27 16:00:00,-572.63
2050-06-27 17:00:00,388.7
2050-06-27 18:00:00,1485.18
2050-06-27 19:00:00,1670.49
2050-06-27 20:00:00,1480.04
2050-06-27 21:00:00,1207.01
2050-06-27 22:00:00,1508.25
2050-06-27 23:00:00,1372.64
2050-06-28 00:00:00,23.76
2050-06-28 01:00:00,-177.98
2050-06-28 02:00:00,-545.14
2050-06-28 03:00:00,-847.16
2050-06-28 04:00:00,586.84
2050-06-28 05:00:00,-995.07
2050-06-28 06:00:00,-601.18
2050-06-28 07:00:00,182.6
2050-06-28 08:00:00,-451.98
2050-06-28 09:00:00,50.61
2050-06-28 10:00:00,-333.94
2050-06-28 11:00:00,-77.28
2050-06-28 12:00:00,543.97
2050-06-28 13:00:00,578.31
2050-06-28 14:00:00,1306.66
2050-06-28 15:00:00,2031.51
2050-06-28 16:00:00,2274.23
2050-06-28 17:00:00,2764.55
2050-06-28 18:00:00,2632.88
2050-06-28 19:00:00,3056.38
2050-06-28 20:00:00,2735.15
2050-06-28 21:00:00,3473.68
2050-06-28 22:00:00,3199.13
2050-06-28 23:00:00,2140.08
2050-06-29 00:00:00,480.26
2050-06-29 01:00:00,403.92
2050-06-29 02:00:00,-290.3
2050-06-29 03:00:00,-208.42
2050-06-29 04:00:00,184.81
2050-06-29 05:00:00,901.33
2050-06-29 06:00:00,617.59
2050-06-29 07:00:00,565.55
2050-06-29 08:00:00,246.79
2050-06-29 09:00:00,-50.56
2050-06-29 10:00:00,-257.34
2050-06-29 11:00:00,-6.94
2050-06-29 12:00:00,499.33
2050-06-29 13:00:00,865.16
2050-06-29 14:00:00,614.76
2050-06-29 15:00:00,847.71
2050-06-29 16:00:00,1124.83
2050-06-29 17:00:00,1067.2
2050-06-29 18:00:00,1218.99
2050-06-29 19:00:00,2650.29
2050-06-29 20:00:00,2538.13
2050-06-29 21:00:00,1701.02
2050-06-29 22:00:00,427.4
2050-06-29 23:00:00,212.97
2050-06-30 00:00:00,122.11
2050-06-30 01:00:00,184.26
2050-06-30 02:00:00,-15.19
2050-06-30 03:00:00,96.34
2050-06-30 04:00:00,723.78
2050-06-30 05:00:00,428.19
2050-06-30 06:00:00,-1483.96
2050-06-30 07:00:00,-1323.32
2050-06-30 08:00:00,-1445.14
2050-06-30 09:00:00,-1327.86
2050-06-30 10:00:00,-1143.14
2050-06-30 11:00:00,-860.3
2050-06-30 12:00:00,-902.44
2050-06-30 13:00:00,-1382.03
2050-06-30 14:00:00,-895.3
2050-06-30 15:00:00,-465.44
2050-06-30 16:00:00,-119.36
2050-06-30 17:00:00,405.67
2050-06-30 18:00:00,462.64
2050-06-30 19:00:00,403.9
2050-06-30 20:00:00,952.28
2050-06-30 21:00:00,708.2
2050-06-30 22:00:00,696.09
2050-06-30 23:00:00,698.73
2050-07-01 00:00:00,681.26
2050-07-01 01:00:00,228.79
2050-07-01 02:00:00,670.33
2050-07-01 03:00:00,99.13
2050-07-01 04:00:00,-707.05
2050-07-01 05:00:00,-682.95
2050-07-01 06:00:00,-957.27
2050-07-01 07:00:00,-811.23
2050-07-01 08:00:00,-758.29
2050-07-01 09:00:00,-245.36
2050-07-01 10:00:00,-752.33
2050-07-01 11:00:00,-742.44
2050-07-01 12:00:00,-526.27
2050-07-01 13:00:00,-1297.94
2050-07-01 14:00:00,-735.86
2050-07-01 15:00:00,-760.32
2050-07-01 16:00:00,-230.85
2050-07-01 17:00:00,132.39
2050-07-01 18:00:00,345.09
2050-07-01 19:00:00,1233.34
2050-07-01 20:00:00,1839.08
2050-07-01 21:00:00,3362.46
2050-07-01 22:00:00,1792.08
2050-07-01 23:00:00,1765.47
2050-07-02 00:00:00,1905.06
2050-07-02 01:00:00,2098.68
2050-07-02 02:00:00,1570.62
2050-07-02 03:00:00,890.77
2050-07-02 04:00:00,936.26
2050-07-02 05:00:00,-337.4
2050-07-02 06:00:00,-457.43
2050-07-02 07:00:00,-772.39
2050-07-02 08:00:00,-561.36
2050-07-02 09:00:00,-500.82
2050-07-02 10:00:00,-907.54
2050-07-02 11:00:00,-679.79
2050-07-02 12:00:00,-742.52
2050-07-02 13:00:00,-801.35
2050-07-02 14:00:00,-498.62
2050-07-02 15:00:00,1011.51
2050-07-02 16:00:00,372.59
2050-07-02 17:00:00,1627.64
2050-07-02 18:00:00,1568.72
2050-07-02 19:00:00,4490.75
2050-07-02 20:00:00,3049.31
2050-07-02 21:00:00,3330.72
2050-07-02 22:00:00,2556.07
2050-07-02 23:00:00,2007.88
2050-07-03 00:00:00,1628.69
2050-07-03 01:00:00,1388.43
2050-07-03 02:00:00,1221.8
2050-07-03 03:00:00,894.09
2050-07-03 04:00:00,694.51
2050-07-03 05:00:00,-555.67
2050-07-03 06:00:00,-653.0
2050-07-03 07:00:00,-566.2
2050-07-03 08:00:00,-378.51
2050-07-03 09:00:00,-263.68
2050-07-03 10:00:00,214.68
2050-07-03 11:00:00,295.82
2050-07-03 12:00:00,599.22
2050-07-03 13:00:00,1065.72
2050-07-03 14:00:00,2093.5
2050-07-03 15:00:00,3481.89
2050-07-03 16:00:00,3819.29
2050-07-03 17:00:00,4778.1
2050-07-03 18:00:00,4458.7
2050-07-03 19:00:00,4127.48
2050-07-03 20:00:00,4594.26
2050-07-03 21:00:00,4663.71
2050-07-03 22:00:00,4439.4
2050-07-03 23:00:00,3735.93
2050-07-04 00:00:00,3795.31
2050-07-04 01:00:00,3198.04
2050-07-04 02:00:00,3051.12
2050-07-04 03:00:00,2752.9
2050-07-04 04:00:00,2580.92
2050-07-04 05:00:00,2269.73
2050-07-04 06:00:00,1718.51
2050-07-04 07:00:00,872.4
2050-07-04 08:00:00,663.25
2050-07-04 09:00:00,1457.58
2050-07-04 10:00:00,1399.66
2050-07-04 11:00:00,1578.4
2050-07-04 12:00:00,2159.43
2050-07-04 13:00:00,2329.44
2050-07-04 14:00:00,2422.15
2050-07-04 15:00:00,3988.46
2050-07-04 16:00:00,5688.86
2050-07-04 17:00:00,5897.59
2050-07-04 18:00:00,5707.85
2050-07-04 19:00:00,6174.5
2050-07-04 20:00:00,5682.8
2050-07-04 21:00:00,5605.66
2050-07-04 22:00:00,5371.89
2050-07-04 23:00:00,5010.09
2050-07-05 00:00:00,4408.35
2050-07-05 01:00:00,3893.27
2050-07-05 02:00:00,3262.85
2050-07-05 03:00:00,3049.79
2050-07-05 04:00:00,2904.62
2050-07-05 05:00:00,1188.35
2050-07-05 06:00:00,670.07
2050-07-05 07:00:00,854.84
2050-07-05 08:00:00,1126.31
2050-07-05 09:00:00,668.16
2050-07-05 10:00:00,427.99
2050-07-05 11:00:00,479.49
2050-07-05 12:00:00,519.69
2050-07-05 13:00:00,603.23
2050-07-05 14:00:00,844.46
2050-07-05 15:00:00,1108.82
2050-07-05 16:00:00,1518.43
2050-07-05 17:00:00,2836.9
2050-07-05 18:00:00,3089.75
2050-07-05 19:00:00,2308.55
2050-07-05 20:00:00,2555.48
2050-07-05 21:00:00,2493.76
2050-07-05 22:00:00,1966.71
2050-07-05 23:00:00,1796.38
2050-07-06 00:00:00,1578.15
2050-07-06 01:00:00,941.66
2050-07-06 02:00:00,806.44
2050-07-06 03:00:00,1131.65
2050-07-06 04:00:00,812.55
2050-07-06 05:00:00,-93.58
2050-07-06 06:00:00,918.44
2050-07-06 07:00:00,2217.9
2050-07-06 08:00:00,2198.68
2050-07-06 09:00:00,3191.98
2050-07-06 10:00:00,3021.13
2050-07-06 11:00:00,3354.1
2050-07-06 12:00:00,2787.73
2050-07-06 13:00:00,2822.02
2050-07-06 14:00:00,4019.78
2050-07-06 15:00:00,1818.97
2050-07-06 16:00:00,1384.9
2050-07-06 17:00:00,1051.61
2050-07-06 18:00:00,2873.12
2050-07-06 19:00:00,3530.6
2050-07-06 20:00:00,3919.04
2050-07-06 21:00:00,4110.75
2050-07-06 22:00:00,3511.07
2050-07-06 23:00:00,3477.78
2050-07-07 00:00:00,1154.58
2050-07-07 01:00:00,1069.85
2050-07-07 02:00:00,787.82
2050-07-07 03:00:00,892.23
2050-07-07 04:00:00,665.0
2050-07-07 05:00:00,-1624.81
2050-07-07 06:00:00,-1938.4
2050-07-07 07:00:00,-1176.01
2050-07-07 08:00:00,-953.24
2050-07-07 09:00:00,-997.34
2050-07-07 10:00:00,-1238.73
2050-07-07 11:00:00,-1478.24
2050-07-07 12:00:00,-1697.65
2050-07-07 13:00:00,-1371.41
2050-07-07 14:00:00,-609.41
2050-07-07 15:00:00,-1026.66
2050-07-07 16:00:00,1695.81
2050-07-07 17:00:00,2705.41
2050-07-07 18:00:00,3930.61
2050-07-07 19:00:00,4957.69
2050-07-07 20:00:00,4266.06
2050-07-07 21:00:00,3637.42
2050-07-07 22:00:00,3112.38
2050-07-07 23:00:00,3348.07
2050-07-08 00:00:00,3041.28
2050-07-08 01:00:00,2892.96
2050-07-08 02:00:00,2314.16
2050-07-08 03:00:00,2373.94
2050-07-08 04:00:00,2176.13
2050-07-08 05:00:00,85.14
2050-07-08 06:00:00,91.04
2050-07-08 07:00:00,24.25
2050-07-08 08:00:00,168.7
2050-07-08 09:00:00,-178.31
2050-07-08 10:00:00,-595.12
2050-07-08 11:00:00,-811.52
2050-07-08 12:00:00,-596.96
2050-07-08 13:00:00,-667.88
2050-07-08 14:00:00,-526.75
2050-07-08 15:00:00,-35.97
2050-07-08 16:00:00,1602.67
2050-07-08 17:00:00,2450.99
2050-07-08 18:00:00,3490.96
2050-07-08 19:00:00,4625.28
2050-07-08 20:00:00,5318.25
2050-07-08 21:00:00,4344.06
2050-07-08 22:00:00,3917.92
2050-07-08 23:00:00,3914.35
2050-07-09 00:00:00,3616.1
2050-07-09 01:00:00,3350.84
2050-07-09 02:00:00,2949.28
2050-07-09 03:00:00,2173.99
2050-07-09 04:00:00,894.75
2050-07-09 05:00:00,-219.06
2050-07-09 06:00:00,73.55
2050-07-09 07:00:00,589.29
2050-07-09 08:00:00,177.94
2050-07-09 09:00:00,-640.77
2050-07-09 10:00:00,-703.16
2050-07-09 11:00:00,-498.24
2050-07-09 12:00:00,-407.37
2050-07-09 13:00:00,67.55
2050-07-09 14:00:00,1412.85
2050-07-09 15:00:00,1987.06
2050-07-09 16:00:00,2910.65
2050-07-09 17:00:00,3555.71
2050-07-09 18:00:00,3643.97
2050-07-09 19:00:00,3816.37
2050-07-09 20:00:00,3755.59
2050-07-09 21:00:00,3659.71
2050-07-09 22:00:00,3568.44
2050-07-09 23:00:00,2485.01
2050-07-10 00:00:00,3618.63
2050-07-10 01:00:00,2655.64
2050-07-10 02:00:00,1930.14
2050-07-10 03:00:00,1843.14
2050-07-10 04:00:00,1785.58
2050-07-10 05:00:00,-227.86
2050-07-10 06:00:00,-556.55
2050-07-10 07:00:00,-437.23
2050-07-10 08:00:00,-581.91
2050-07-10 09:00:00,-355.39
2050-07-10 10:00:00,-328.1
2050-07-10 11:00:00,-453.73
2050-07-10 12:00:00,-685.23
2050-07-10 13:00:00,-263.2
2050-07-10 14:00:00,14.05
2050-07-10 15:00:00,564.25
2050-07-10 16:00:00,958.15
2050-07-10 17:00:00,1521.7
2050-07-10 18:00:00,2346.85
2050-07-10 19:00:00,2418.71
2050-07-10 20:00:00,2507.13
2050-07-10 21:00:00,1527.56
2050-07-10 22:00:00,1310.11
2050-07-10 23:00:00,314.89
2050-07-11 00:00:00,1307.31
2050-07-11 01:00:00,1131.56
2050-07-11 02:00:00,1102.06
2050-07-11 03:00:00,1465.8
2050-07-11 04:00:00,1439.15
2050-07-11 05:00:00,-16.72
2050-07-11 06:00:00,-856.62
2050-07-11 07:00:00,-441.47
2050-07-11 08:00:00,-228.04
2050-07-11 09:00:00,-285.33
2050-07-11 10:00:00,-347.44
2050-07-11 11:00:00,-307.81
2050-07-11 12:00:00,-244.96
2050-07-11 13:00:00,284.17
2050-07-11 14:00:00,708.43
2050-07-11 15:00:00,1513.85
2050-07-11 16:00:00,1908.13
2050-07-11 17:00:00,2098.37
2050-07-11 18:00:00,3512.48
2050-07-11 19:00:00,3612.74
2050-07-11 20:00:00,2888.8
2050-07-11 21:00:00,3564.67
2050-07-11 22:00:00,3250.35
2050-07-11 23:00:00,2008.29
2050-07-12 00:00:00,2892.2
2050-07-12 01:00:00,1840.97
2050-07-12 02:00:00,1077.55
2050-07-12 03:00:00,1331.15
2050-07-12 04:00:00,1548.82
2050-07-12 05:00:00,1820.7
2050-07-12 06:00:00,984.2
2050-07-12 07:00:00,1002.73
2050-07-12 08:00:00,-253.07
2050-07-12 09:00:00,-550.25
2050-07-12 10:00:00,-960.33
2050-07-12 11:00:00,-702.94
2050-07-12 12:00:00,-778.73
2050-07-12 13:00:00,-949.89
2050-07-12 14:00:00,320.07
2050-07-12 15:00:00,1488.24
2050-07-12 16:00:00,595.02
2050-07-12 17:00:00,1479.97
2050-07-12 18:00:00,1386.89
2050-07-12 19:00:00,519.78
2050-07-12 20:00:00,68.71
2050-07-12 21:00:00,1487.3
2050-07-12 22:00:00,875.0
2050-07-12 23:00:00,1061.91
2050-07-13 00:00:00,1439.64
2050-07-13 01:00:00,1764.08
2050-07-13 02:00:00,1435.49
2050-07-13 03:00:00,2028.08
2050-07-13 04:00:00,2015.53
2050-07-13 05:00:00,521.6
2050-07-13 06:00:00,415.51
2050-07-13 07:00:00,416.47
2050-07-13 08:00:00,110.08
2050-07-13 09:00:00,-261.22
2050-07-13 10:00:00,70.8
2050-07-13 11:00:00,-501.52
2050-07-13 12:00:00,94.83
2050-07-13 13:00:00,-72.45
2050-07-13 14:00:00,318.7
2050-07-13 15:00:00,251.92
2050-07-13 16:00:00,1536.32
2050-07-13 17:00:00,2041.46
2050-07-13 18:00:00,2882.84
2050-07-13 19:00:00,3206.49
2050-07-13 20:00:00,2804.36
2050-07-13 21:00:00,3020.76
2050-07-13 22:00:00,2732.61
2050-07-13 23:00:00,2018.97
2050-07-14 00:00:00,1282.43
2050-07-14 01:00:00,1352.41
2050-07-14 02:00:00,1166.77
2050-07-14 03:00:00,1785.26
2050-07-14 04:00:00,1959.02
2050-07-14 05:00:00,1005.47
2050-07-14 06:00:00,626.42
2050-07-14 07:00:00,933.3
2050-07-14 08:00:00,582.12
2050-07-14 09:00:00,55.19
2050-07-14 10:00:00,-668.14
2050-07-14 11:00:00,265.72
2050-07-14 12:00:00,-322.84
2050-07-14 13:00:00,489.85
2050-07-14 14:00:00,822.21
2050-07-14 15:00:00,1143.56
2050-07-14 16:00:00,2296.22
2050-07-14 17:00:00,1429.27
2050-07-14 18:00:00,3094.66
2050-07-14 19:00:00,2485.58
2050-07-14 20:00:00,1688.65
2050-07-14 21:00:00,2617.1
2050-07-14 22:00:00,1652.05
2050-07-14 23:00:00,2062.57
2050-07-15 00:00:00,2250.21
2050-07-15 01:00:00,2558.09
2050-07-15 02:00:00,1872.63
2050-07-15 03:00:00,2359.32
2050-07-15 04:00:00,2161.22
2050-07-15 05:00:00,2046.01
2050-07-15 06:00:00,2370.95
2050-07-15 07:00:00,2650.97
2050-07-15 08:00:00,2279.4
2050-07-15 09:00:00,2628.45
2050-07-15 10:00:00,2096.3
2050-07-15 11:00:00,2448.34
2050-07-15 12:00:00,1696.74
2050-07-15 13:00:00,1938.11
2050-07-15 14:00:00,2552.88
2050-07-15 15:00:00,3174.02
2050-07-15 16:00:00,3160.92
2050-07-15 17:00:00,3556.79
2050-07-15 18:00:00,4001.73
2050-07-15 19:00:00,4042.44
2050-07-15 20:00:00,4433.56
2050-07-15 21:00:00,3201.57
2050-07-15 22:00:00,1895.63
2050-07-15 23:00:00,1252.78
2050-07-16 00:00:00,906.06
2050-07-16 01:00:00,856.07
2050-07-16 02:00:00,973.28
2050-07-16 03:00:00,1000.81
2050-07-16 04:00:00,1341.34
2050-07-16 05:00:00,-425.23
2050-07-16 06:00:00,-310.73
2050-07-16 07:00:00,-147.09
2050-07-16 08:00:00,-496.8
2050-07-16 09:00:00,-187.26
2050-07-16 10:00:00,-259.56
2050-07-16 11:00:00,-114.31
2050-07-16 12:00:00,514.41
2050-07-16 13:00:00,348.9
2050-07-16 14:00:00,687.37
2050-07-16 15:00:00,1029.38
2050-07-16 16:00:00,1875.71
2050-07-16 17:00:00,2385.13
2050-07-16 18:00:00,3589.94
2050-07-16 19:00:00,3164.98
2050-07-16 20:00:00,3219.21
2050-07-16 21:00:00,3677.9
2050-07-16 22:00:00,3404.92
2050-07-16 23:00:00,3135.8
2050-07-17 00:00:00,2602.22
2050-07-17 01:00:00,2948.75
2050-07-17 02:00:00,2687.19
2050-07-17 03:00:00,2789.46
2050-07-17 04:00:00,3050.57
2050-07-17 05:00:00,1677.52
2050-07-17 06:00:00,1032.79
2050-07-17 07:00:00,833.89
2050-07-17 08:00:00,492.53
2050-07-17 09:00:00,466.78
2050-07-17 10:00:00,582.81
2050-07-17 11:00:00,84.41
2050-07-17 12:00:00,1821.58
2050-07-17 13:00:00,1335.97
2050-07-17 14:00:00,1512.01
2050-07-17 15:00:00,2435.92
2050-07-17 16:00:00,2206.47
2050-07-17 17:00:00,2529.83
2050-07-17 18:00:00,2401.43
2050-07-17 19:00:00,1643.12
2050-07-17 20:00:00,1766.38
2050-07-17 21:00:00,2735.53
2050-07-17 22:00:00,3620.91
2050-07-17 23:00:00,3786.78
2050-07-18 00:00:00,3074.03
2050-07-18 01:00:00,3455.97
2050-07-18 02:00:00,2665.54
2050-07-18 03:00:00,2520.04
2050-07-18 04:00:00,2116.5
2050-07-18 05:00:00,27.41
2050-07-18 06:00:00,94.26
2050-07-18 07:00:00,-579.36
2050-07-18 08:00:00,-177.46
2050-07-18 09:00:00,962.91
2050-07-18 10:00:00,-766.32
2050-07-18 11:00:00,-1402.11
2050-07-18 12:00:00,-1348.12
2050-07-18 13:00:00,-589.86
2050-07-18 14:00:00,-461.46
2050-07-18 15:00:00,622.96
2050-07-18 16:00:00,934.84
2050-07-18 17:00:00,1053.6
2050-07-18 18:00:00,1983.24
2050-07-18 19:00:00,3200.02
2050-07-18 20:00:00,3614.28
2050-07-18 21:00:00,3015.81
2050-07-18 22:00:00,2545.56
2050-07-18 23:00:00,1929.96
2050-07-19 00:00:00,1946.11
2050-07-19 01:00:00,2340.54
2050-07-19 02:00:00,2040.21
2050-07-19 03:00:00,1658.93
2050-07-19 04:00:00,1738.3
2050-07-19 05:00:00,-185.58
2050-07-19 06:00:00,106.97
2050-07-19 07:00:00,163.42
2050-07-19 08:00:00,492.94
2050-07-19 09:00:00,15.83
2050-07-19 10:00:00,194.69
2050-07-19 11:00:00,51.74
2050-07-19 12:00:00,227.84
2050-07-19 13:00:00,645.76
2050-07-19 14:00:00,1117.98
2050-07-19 15:00:00,1269.8
2050-07-19 16:00:00,1888.5
2050-07-19 17:00:00,2461.42
2050-07-19 18:00:00,2643.31
2050-07-19 19:00:00,4069.52
2050-07-19 20:00:00,3752.47
2050-07-19 21:00:00,3087.17
2050-07-19 22:00:00,2411.4
2050-07-19 23:00:00,2196.84
2050-07-20 00:00:00,2219.54
2050-07-20 01:00:00,1627.79
2050-07-20 02:00:00,1281.51
2050-07-20 03:00:00,940.58
2050-07-20 04:00:00,1275.58
2050-07-20 05:00:00,-674.66
2050-07-20 06:00:00,-11.14
2050-07-20 07:00:00,-262.17
2050-07-20 08:00:00,-271.84
2050-07-20 09:00:00,375.5
2050-07-20 10:00:00,1182.06
2050-07-20 11:00:00,1195.89
2050-07-20 12:00:00,1241.35
2050-07-20 13:00:00,894.77
2050-07-20 14:00:00,1109.92
2050-07-20 15:00:00,676.4
2050-07-20 16:00:00,2256.1
2050-07-20 17:00:00,2420.63
2050-07-20 18:00:00,3309.39
2050-07-20 19:00:00,3465.6
2050-07-20 20:00:00,2823.72
2050-07-20 21:00:00,1908.04
2050-07-20 22:00:00,2223.21
2050-07-20 23:00:00,3344.83
2050-07-21 00:00:00,2620.84
2050-07-21 01:00:00,2798.74
2050-07-21 02:00:00,2835.9
2050-07-21 03:00:00,2297.7
2050-07-21 04:00:00,2022.81
2050-07-21 05:00:00,-180.45
2050-07-21 06:00:00,546.55
2050-07-21 07:00:00,-314.92
2050-07-21 08:00:00,-98.12
2050-07-21 09:00:00,-550.45
2050-07-21 10:00:00,-717.06
2050-07-21 11:00:00,81.09
2050-07-21 12:00:00,896.88
2050-07-21 13:00:00,1569.45
2050-07-21 14:00:00,530.39
2050-07-21 15:00:00,947.58
2050-07-21 16:00:00,1302.76
2050-07-21 17:00:00,2430.23
2050-07-21 18:00:00,2429.14
2050-07-21 19:00:00,2499.39
2050-07-21 20:00:00,1084.63
2050-07-21 21:00:00,280.67
2050-07-21 22:00:00,-390.25
2050-07-21 23:00:00,-1177.49
2050-07-22 00:00:00,-1789.67
2050-07-22 01:00:00,-1847.24
2050-07-22 02:00:00,-2013.68
2050-07-22 03:00:00,-569.57
2050-07-22 04:00:00,-300.25
2050-07-22 05:00:00,-1032.63
2050-07-22 06:00:00,-384.55
2050-07-22 07:00:00,726.87
2050-07-22 08:00:00,-125.18
2050-07-22 09:00:00,14.16
2050-07-22 10:00:00,1511.13
2050-07-22 11:00:00,2922.55
2050-07-22 12:00:00,2672.66
2050-07-22 13:00:00,1763.77
2050-07-22 14:00:00,1285.94
2050-07-22 15:00:00,1406.03
2050-07-22 16:00:00,2348.85
2050-07-22 17:00:00,2477.11
2050-07-22 18:00:00,2126.57
2050-07-22 19:00:00,995.51
2050-07-22 20:00:00,3400.76
2050-07-22 21:00:00,3842.84
2050-07-22 22:00:00,4020.37
2050-07-22 23:00:00,4199.93
2050-07-23 00:00:00,2967.84
2050-07-23 01:00:00,162.89
2050-07-23 02:00:00,111.97
2050-07-23 03:00:00,-735.49
2050-07-23 04:00:00,621.95
2050-07-23 05:00:00,537.15
2050-07-23 06:00:00,551.08
2050-07-23 07:00:00,-814.2
2050-07-23 08:00:00,-1000.36
2050-07-23 09:00:00,-44.39
2050-07-23 10:00:00,188.7
2050-07-23 11:00:00,-262.35
2050-07-23 12:00:00,-45.81
2050-07-23 13:00:00,374.36
2050-07-23 14:00:00,908.8
2050-07-23 15:00:00,804.02
2050-07-23 16:00:00,1288.31
2050-07-23 17:00:00,1601.28
2050-07-23 18:00:00,1787.1
2050-07-23 19:00:00,1794.63
2050-07-23 20:00:00,2322.55
2050-07-23 21:00:00,2284.12
2050-07-23 22:00:00,2089.05
2050-07-23 23:00:00,1524.62
2050-07-24 00:00:00,1924.4
2050-07-24 01:00:00,1465.22
2050-07-24 02:00:00,1069.68
2050-07-24 03:00:00,1831.73
2050-07-24 04:00:00,1673.72
2050-07-24 05:00:00,350.37
2050-07-24 06:00:00,268.59
2050-07-24 07:00:00,408.57
2050-07-24 08:00:00,486.6
2050-07-24 09:00:00,89.86
2050-07-24 10:00:00,373.02
2050-07-24 11:00:00,658.18
2050-07-24 12:00:00,639.44
2050-07-24 13:00:00,498.61
2050-07-24 14:00:00,943.99
2050-07-24 15:00:00,1838.44
2050-07-24 16:00:00,2416.56
2050-07-24 17:00:00,3628.6
2050-07-24 18:00:00,4710.21
2050-07-24 19:00:00,4434.33
2050-07-24 20:00:00,3932.06
2050-07-24 21:00:00,3847.15
2050-07-24 22:00:00,3138.63
2050-07-24 23:00:00,3426.66
2050-07-25 00:00:00,2634.92
2050-07-25 01:00:00,2513.49
2050-07-25 02:00:00,1829.63
2050-07-25 03:00:00,1601.74
2050-07-25 04:00:00,1356.65
2050-07-25 05:00:00,1054.23
2050-07-25 06:00:00,651.88
2050-07-25 07:00:00,853.22
2050-07-25 08:00:00,612.01
2050-07-25 09:00:00,1773.96
2050-07-25 10:00:00,1503.92
2050-07-25 11:00:00,2330.42
2050-07-25 12:00:00,1897.14
2050-07-25 13:00:00,2542.56
2050-07-25 14:00:00,2519.07
2050-07-25 15:00:00,2174.55
2050-07-25 16:00:00,2290.28
2050-07-25 17:00:00,2569.14
2050-07-25 18:00:00,2574.79
2050-07-25 19:00:00,2563.89
2050-07-25 20:00:00,4265.23
2050-07-25 21:00:00,3221.49
2050-07-25 22:00:00,3256.58
2050-07-25 23:00:00,2185.45
2050-07-26 00:00:00,1670.99
2050-07-26 01:00:00,1906.18
2050-07-26 02:00:00,2077.56
2050-07-26 03:00:00,2247.04
2050-07-26 04:00:00,2229.7
2050-07-26 05:00:00,32.63
2050-07-26 06:00:00,354.9
2050-07-26 07:00:00,712.39
2050-07-26 08:00:00,827.94
2050-07-26 09:00:00,1698.7
2050-07-26 10:00:00,1661.05
2050-07-26 11:00:00,2316.9
2050-07-26 12:00:00,2396.72
2050-07-26 13:00:00,1639.77
2050-07-26 14:00:00,1145.1
2050-07-26 15:00:00,1613.08
2050-07-26 16:00:00,2235.65
2050-07-26 17:00:00,2312.39
2050-07-26 18:00:00,3061.02
2050-07-26 19:00:00,3323.18
2050-07-26 20:00:00,3715.37
2050-07-26 21:00:00,3534.53
2050-07-26 22:00:00,3335.74
2050-07-26 23:00:00,3227.5
2050-07-27 00:00:00,2916.62
2050-07-27 01:00:00,2323.6
2050-07-27 02:00:00,2268.21
2050-07-27 03:00:00,2350.32
2050-07-27 04:00:00,2366.05
2050-07-27 05:00:00,803.15
2050-07-27 06:00:00,733.91
2050-07-27 07:00:00,641.03
2050-07-27 08:00:00,470.92
2050-07-27 09:00:00,133.99
2050-07-27 10:00:00,45.86
2050-07-27 11:00:00,1573.61
2050-07-27 12:00:00,621.11
2050-07-27 13:00:00,247.64
2050-07-27 14:00:00,-84.18
2050-07-27 15:00:00,778.87
2050-07-27 16:00:00,1207.47
2050-07-27 17:00:00,1838.86
2050-07-27 18:00:00,2246.83
2050-07-27 19:00:00,2121.49
2050-07-27 20:00:00,1846.48
2050-07-27 21:00:00,1622.05
2050-07-27 22:00:00,1713.48
2050-07-27 23:00:00,2377.55
2050-07-28 00:00:00,2843.81
2050-07-28 01:00:00,2015.05
2050-07-28 02:00:00,1789.38
2050-07-28 03:00:00,1971.16
2050-07-28 04:00:00,2513.99
2050-07-28 05:00:00,1263.99
2050-07-28 06:00:00,997.88
2050-07-28 07:00:00,1464.46
2050-07-28 08:00:00,1016.67
2050-07-28 09:00:00,1303.12
2050-07-28 10:00:00,1629.1
2050-07-28 11:00:00,1136.85
2050-07-28 12:00:00,1910.69
2050-07-28 13:00:00,2189.66
2050-07-28 14:00:00,1837.13
2050-07-28 15:00:00,2259.33
2050-07-28 16:00:00,2369.4
2050-07-28 17:00:00,2656.12
2050-07-28 18:00:00,3466.15
2050-07-28 19:00:00,3962.79
2050-07-28 20:00:00,3405.02
2050-07-28 21:00:00,3507.04
2050-07-28 22:00:00,2870.36
2050-07-28 23:00:00,2518.79
2050-07-29 00:00:00,1498.57
2050-07-29 01:00:00,2474.38
2050-07-29 02:00:00,2143.44
2050-07-29 03:00:00,1780.66
2050-07-29 04:00:00,1283.18
2050-07-29 05:00:00,-209.4
2050-07-29 06:00:00,266.16
2050-07-29 07:00:00,-154.22
2050-07-29 08:00:00,-108.69
2050-07-29 09:00:00,22.13
2050-07-29 10:00:00,540.79
2050-07-29 11:00:00,580.16
2050-07-29 12:00:00,221.09
2050-07-29 13:00:00,116.79
2050-07-29 14:00:00,-927.8
2050-07-29 15:00:00,-689.72
2050-07-29 16:00:00,719.7
2050-07-29 17:00:00,1162.36
2050-07-29 18:00:00,1764.37
2050-07-29 19:00:00,1907.98
2050-07-29 20:00:00,2364.56
2050-07-29 21:00:00,1513.44
2050-07-29 22:00:00,2080.72
2050-07-29 23:00:00,1916.81
2050-07-30 00:00:00,1444.81
2050-07-30 01:00:00,1161.69
2050-07-30 02:00:00,406.09
2050-07-30 03:00:00,914.32
2050-07-30 04:00:00,597.82
2050-07-30 05:00:00,359.77
2050-07-30 06:00:00,-1027.28
2050-07-30 07:00:00,-722.47
2050-07-30 08:00:00,-807.9
2050-07-30 09:00:00,314.73
2050-07-30 10:00:00,1019.26
2050-07-30 11:00:00,1785.25
2050-07-30 12:00:00,2277.05
2050-07-30 13:00:00,2171.51
2050-07-30 14:00:00,3030.77
2050-07-30 15:00:00,3460.14
2050-07-30 16:00:00,3100.54
2050-07-30 17:00:00,2788.4
2050-07-30 18:00:00,3516.96
2050-07-30 19:00:00,3820.02
2050-07-30 20:00:00,3723.23
2050-07-30 21:00:00,3873.78
2050-07-30 22:00:00,3797.08
2050-07-30 23:00:00,3258.4
2050-07-31 00:00:00,3097.49
2050-07-31 01:00:00,2537.38
2050-07-31 02:00:00,2270.86
2050-07-31 03:00:00,2307.53
2050-07-31 04:00:00,2038.86
2050-07-31 05:00:00,136.24
2050-07-31 06:00:00,380.45
2050-07-31 07:00:00,398.6
2050-07-31 08:00:00,308.17
2050-07-31 09:00:00,-102.87
2050-07-31 10:00:00,-344.21
2050-07-31 11:00:00,-290.83
2050-07-31 12:00:00,68.73
2050-07-31 13:00:00,559.7
2050-07-31 14:00:00,1154.82
2050-07-31 15:00:00,1839.8
2050-07-31 16:00:00,2833.05
2050-07-31 17:00:00,4457.0
2050-07-31 18:00:00,5062.21
2050-07-31 19:00:00,4838.4
2050-07-31 20:00:00,4527.84
2050-07-31 21:00:00,4486.09
2050-07-31 22:00:00,3978.7
2050-07-31 23:00:00,3929.37
2050-08-01 00:00:00,3670.86
2050-08-01 01:00:00,3260.1
2050-08-01 02:00:00,2788.06
2050-08-01 03:00:00,2242.3
2050-08-01 04:00:00,2076.49
2050-08-01 05:00:00,731.19
2050-08-01 06:00:00,1259.9
2050-08-01 07:00:00,468.49
2050-08-01 08:00:00,134.56
2050-08-01 09:00:00,-155.84
2050-08-01 10:00:00,-619.84
2050-08-01 11:00:00,-209.62
2050-08-01 12:00:00,21.92
2050-08-01 13:00:00,185.54
2050-08-01 14:00:00,986.53
2050-08-01 15:00:00,2300.89
2050-08-01 16:00:00,2807.92
2050-08-01 17:00:00,3384.43
2050-08-01 18:00:00,4205.08
2050-08-01 19:00:00,4299.68
2050-08-01 20:00:00,4515.75
2050-08-01 21:00:00,4452.11
2050-08-01 22:00:00,3775.96
2050-08-01 23:00:00,3124.31
2050-08-02 00:00:00,2737.31
2050-08-02 01:00:00,2333.57
2050-08-02 02:00:00,1974.34
2050-08-02 03:00:00,1582.55
2050-08-02 04:00:00,1520.18
2050-08-02 05:00:00,-943.39
2050-08-02 06:00:00,-262.36
2050-08-02 07:00:00,-919.66
2050-08-02 08:00:00,-697.11
2050-08-02 09:00:00,-517.97
2050-08-02 10:00:00,-837.08
2050-08-02 11:00:00,-1187.04
2050-08-02 12:00:00,-991.53
2050-08-02 13:00:00,-752.78
2050-08-02 14:00:00,-54.51
2050-08-02 15:00:00,36.52
2050-08-02 16:00:00,417.33
2050-08-02 17:00:00,2091.03
2050-08-02 18:00:00,3688.61
2050-08-02 19:00:00,3286.1
2050-08-02 20:00:00,2889.32
2050-08-02 21:00:00,2828.25
2050-08-02 22:00:00,2675.45
2050-08-02 23:00:00,2945.1
2050-08-03 00:00:00,1681.31
2050-08-03 01:00:00,1743.11
2050-08-03 02:00:00,1990.95
2050-08-03 03:00:00,1285.93
2050-08-03 04:00:00,1532.63
2050-08-03 05:00:00,-1625.35
2050-08-03 06:00:00,87.13
2050-08-03 07:00:00,346.24
2050-08-03 08:00:00,-56.49
2050-08-03 09:00:00,-305.02
2050-08-03 10:00:00,-361.32
2050-08-03 11:00:00,-233.55
2050-08-03 12:00:00,-277.71
2050-08-03 13:00:00,-206.65
2050-08-03 14:00:00,-0.74
2050-08-03 15:00:00,223.22
2050-08-03 16:00:00,1518.61
2050-08-03 17:00:00,2580.46
2050-08-03 18:00:00,2505.66
2050-08-03 19:00:00,2819.44
2050-08-03 20:00:00,2430.85
2050-08-03 21:00:00,2895.14
2050-08-03 22:00:00,3047.86
2050-08-03 23:00:00,2315.91
2050-08-04 00:00:00,1720.92
2050-08-04 01:00:00,1997.87
2050-08-04 02:00:00,1775.68
2050-08-04 03:00:00,2169.25
2050-08-04 04:00:00,1908.71
2050-08-04 05:00:00,1894.61
2050-08-04 06:00:00,1018.37
2050-08-04 07:00:00,187.57
2050-08-04 08:00:00,508.88
2050-08-04 09:00:00,-647.68
2050-08-04 10:00:00,821.53
2050-08-04 11:00:00,-1326.29
2050-08-04 12:00:00,-2041.16
2050-08-04 13:00:00,-2284.2
2050-08-04 14:00:00,-3136.22
2050-08-04 15:00:00,-1595.66
2050-08-04 16:00:00,-44.67
2050-08-04 17:00:00,907.97
2050-08-04 18:00:00,2365.5
2050-08-04 19:00:00,3123.32
2050-08-04 20:00:00,3212.08
2050-08-04 21:00:00,2724.81
2050-08-04 22:00:00,3768.14
2050-08-04 23:00:00,2694.38
2050-08-05 00:00:00,2899.1
2050-08-05 01:00:00,2021.02
2050-08-05 02:00:00,1934.74
2050-08-05 03:00:00,2300.43
2050-08-05 04:00:00,2654.06
2050-08-05 05:00:00,-3458.33
2050-08-05 06:00:00,261.71
2050-08-05 07:00:00,804.44
2050-08-05 08:00:00,580.0
2050-08-05 09:00:00,271.91
2050-08-05 10:00:00,116.65
2050-08-05 11:00:00,443.15
2050-08-05 12:00:00,823.4
2050-08-05 13:00:00,1241.31
2050-08-05 14:00:00,1789.27
2050-08-05 15:00:00,2541.73
2050-08-05 16:00:00,3357.56
2050-08-05 17:00:00,3805.6
2050-08-05 18:00:00,4255.62
2050-08-05 19:00:00,4513.85
2050-08-05 20:00:00,4710.06
2050-08-05 21:00:00,4009.41
2050-08-05 22:00:00,3626.09
2050-08-05 23:00:00,3162.26
2050-08-06 00:00:00,2462.11
2050-08-06 01:00:00,2340.83
2050-08-06 02:00:00,2507.75
2050-08-06 03:00:00,2520.59
2050-08-06 04:00:00,2814.56
2050-08-06 05:00:00,-3210.74
2050-08-06 06:00:00,1256.87
2050-08-06 07:00:00,987.85
2050-08-06 08:00:00,684.71
2050-08-06 09:00:00,405.11
2050-08-06 10:00:00,350.01
2050-08-06 11:00:00,203.56
2050-08-06 12:00:00,-48.8
2050-08-06 13:00:00,258.8
2050-08-06 14:00:00,476.03
2050-08-06 15:00:00,1496.25
2050-08-06 16:00:00,3129.1
2050-08-06 17:00:00,3392.5
2050-08-06 18:00:00,4904.13
2050-08-06 19:00:00,4659.01
2050-08-06 20:00:00,4483.99
2050-08-06 21:00:00,3353.55
2050-08-06 22:00:00,3395.92
2050-08-06 23:00:00,2626.52
2050-08-07 00:00:00,2143.67
2050-08-07 01:00:00,1263.13
2050-08-07 02:00:00,1365.86
2050-08-07 03:00:00,1086.06
2050-08-07 04:00:00,1054.38
2050-08-07 05:00:00,1237.69
2050-08-07 06:00:00,152.77
2050-08-07 07:00:00,206.7
2050-08-07 08:00:00,512.66
2050-08-07 09:00:00,-706.45
2050-08-07 10:00:00,-1099.78
2050-08-07 11:00:00,-2461.75
2050-08-07 12:00:00,-2752.85
2050-08-07 13:00:00,-1543.19
2050-08-07 14:00:00,-1166.27
2050-08-07 15:00:00,-168.05
2050-08-07 16:00:00,-324.4
2050-08-07 17:00:00,649.71
2050-08-07 18:00:00,15.11
2050-08-07 19:00:00,-135.04
2050-08-07 20:00:00,194.6
2050-08-07 21:00:00,-1.58
2050-08-07 22:00:00,2819.98
2050-08-07 23:00:00,3259.66
2050-08-08 00:00:00,1653.2
2050-08-08 01:00:00,2013.43
2050-08-08 02:00:00,1393.35
2050-08-08 03:00:00,1849.62
2050-08-08 04:00:00,1681.69
2050-08-08 05:00:00,1612.21
2050-08-08 06:00:00,-78.98
2050-08-08 07:00:00,-176.55
2050-08-08 08:00:00,-949.63
2050-08-08 09:00:00,-1775.4
2050-08-08 10:00:00,-1327.65
2050-08-08 11:00:00,-1569.19
2050-08-08 12:00:00,-1751.06
2050-08-08 13:00:00,-1493.31
2050-08-08 14:00:00,769.91
2050-08-08 15:00:00,434.29
2050-08-08 16:00:00,342.55
2050-08-08 17:00:00,1270.11
2050-08-08 18:00:00,2953.98
2050-08-08 19:00:00,3523.64
2050-08-08 20:00:00,2502.83
2050-08-08 21:00:00,3013.16
2050-08-08 22:00:00,3555.7
2050-08-08 23:00:00,2752.39
2050-08-09 00:00:00,1698.33
2050-08-09 01:00:00,1345.48
2050-08-09 02:00:00,957.89
2050-08-09 03:00:00,1165.47
2050-08-09 04:00:00,1564.98
2050-08-09 05:00:00,1538.11
2050-08-09 06:00:00,216.47
2050-08-09 07:00:00,-138.92
2050-08-09 08:00:00,-467.69
2050-08-09 09:00:00,-732.27
2050-08-09 10:00:00,-744.51
2050-08-09 11:00:00,-547.87
2050-08-09 12:00:00,-674.3
2050-08-09 13:00:00,5.74
2050-08-09 14:00:00,308.07
2050-08-09 15:00:00,872.9
2050-08-09 16:00:00,2069.83
2050-08-09 17:00:00,3580.14
2050-08-09 18:00:00,4272.02
2050-08-09 19:00:00,4529.87
2050-08-09 20:00:00,4161.79
2050-08-09 21:00:00,3967.18
2050-08-09 22:00:00,3810.19
2050-08-09 23:00:00,3964.32
2050-08-10 00:00:00,2607.42
2050-08-10 01:00:00,3578.63
2050-08-10 02:00:00,2884.78
2050-08-10 03:00:00,2572.45
2050-08-10 04:00:00,2811.54
2050-08-10 05:00:00,2899.04
2050-08-10 06:00:00,1320.01
2050-08-10 07:00:00,1216.95
2050-08-10 08:00:00,787.35
2050-08-10 09:00:00,-46.06
2050-08-10 10:00:00,-383.82
2050-08-10 11:00:00,3170.36
2050-08-10 12:00:00,175.01
2050-08-10 13:00:00,-69.26
2050-08-10 14:00:00,-96.9
2050-08-10 15:00:00,11.49
2050-08-10 16:00:00,610.15
2050-08-10 17:00:00,1839.0
2050-08-10 18:00:00,2171.18
2050-08-10 19:00:00,2973.18
2050-08-10 20:00:00,2872.56
2050-08-10 21:00:00,3022.38
2050-08-10 22:00:00,2954.13
2050-08-10 23:00:00,2297.51
2050-08-11 00:00:00,2405.36
2050-08-11 01:00:00,2151.6
2050-08-11 02:00:00,2190.23
2050-08-11 03:00:00,2143.58
2050-08-11 04:00:00,1664.8
2050-08-11 05:00:00,1965.22
2050-08-11 06:00:00,545.92
2050-08-11 07:00:00,-23.38
2050-08-11 08:00:00,-637.47
2050-08-11 09:00:00,-1075.87
2050-08-11 10:00:00,-1362.1
2050-08-11 11:00:00,-1285.04
2050-08-11 12:00:00,-606.06
2050-08-11 13:00:00,-244.32
2050-08-11 14:00:00,314.68
2050-08-11 15:00:00,388.07
2050-08-11 16:00:00,2281.36
2050-08-11 17:00:00,2235.9
2050-08-11 18:00:00,3215.44
2050-08-11 19:00:00,3474.92
2050-08-11 20:00:00,3381.46
2050-08-11 21:00:00,2883.58
2050-08-11 22:00:00,3074.86
2050-08-11 23:00:00,3177.38
2050-08-12 00:00:00,1486.08
2050-08-12 01:00:00,970.49
2050-08-12 02:00:00,686.51
2050-08-12 03:00:00,559.62
2050-08-12 04:00:00,926.2
2050-08-12 05:00:00,819.89
2050-08-12 06:00:00,-98.27
2050-08-12 07:00:00,-321.51
2050-08-12 08:00:00,-1202.56
2050-08-12 09:00:00,-1444.73
2050-08-12 10:00:00,-1627.67
2050-08-12 11:00:00,-1451.52
2050-08-12 12:00:00,-1220.23
2050-08-12 13:00:00,-941.55
2050-08-12 14:00:00,-665.38
2050-08-12 15:00:00,96.27
2050-08-12 16:00:00,238.99
2050-08-12 17:00:00,1948.2
2050-08-12 18:00:00,2199.74
2050-08-12 19:00:00,1261.2
2050-08-12 20:00:00,1390.42
2050-08-12 21:00:00,1944.05
2050-08-12 22:00:00,2501.59
2050-08-12 23:00:00,1380.03
2050-08-13 00:00:00,308.28
2050-08-13 01:00:00,457.77
2050-08-13 02:00:00,178.58
2050-08-13 03:00:00,669.21
2050-08-13 04:00:00,740.84
2050-08-13 05:00:00,757.52
2050-08-13 06:00:00,-374.6
2050-08-13 07:00:00,-955.55
2050-08-13 08:00:00,-1359.13
2050-08-13 09:00:00,-1354.77
2050-08-13 10:00:00,-1206.56
2050-08-13 11:00:00,-1469.22
2050-08-13 12:00:00,-1196.14
2050-08-13 13:00:00,-639.49
2050-08-13 14:00:00,132.99
2050-08-13 15:00:00,1471.19
2050-08-13 16:00:00,2649.1
2050-08-13 17:00:00,3786.2
2050-08-13 18:00:00,5235.96
2050-08-13 19:00:00,3883.79
2050-08-13 20:00:00,3464.72
2050-08-13 21:00:00,2789.08
2050-08-13 22:00:00,2830.16
2050-08-13 23:00:00,3221.28
2050-08-14 00:00:00,3281.14
2050-08-14 01:00:00,2582.21
2050-08-14 02:00:00,2509.68
2050-08-14 03:00:00,2262.59
2050-08-14 04:00:00,2159.41
2050-08-14 05:00:00,2004.45
2050-08-14 06:00:00,695.19
2050-08-14 07:00:00,385.37
2050-08-14 08:00:00,-325.21
2050-08-14 09:00:00,-918.16
2050-08-14 10:00:00,-720.86
2050-08-14 11:00:00,-760.16
2050-08-14 12:00:00,-459.96
2050-08-14 13:00:00,-73.89
2050-08-14 14:00:00,447.56
2050-08-14 15:00:00,1092.95
2050-08-14 16:00:00,1811.76
2050-08-14 17:00:00,3451.75
2050-08-14 18:00:00,4400.91
2050-08-14 19:00:00,4393.24
2050-08-14 20:00:00,4034.6
2050-08-14 21:00:00,3713.48
2050-08-14 22:00:00,2681.5
2050-08-14 23:00:00,2585.01
2050-08-15 00:00:00,2078.98
2050-08-15 01:00:00,1761.54
2050-08-15 02:00:00,1493.22
2050-08-15 03:00:00,1130.63
2050-08-15 04:00:00,1531.56
2050-08-15 05:00:00,1113.33
2050-08-15 06:00:00,1030.65
2050-08-15 07:00:00,341.53
2050-08-15 08:00:00,1742.17
2050-08-15 09:00:00,2297.42
2050-08-15 10:00:00,2919.93
2050-08-15 11:00:00,2781.38
2050-08-15 12:00:00,72.91
2050-08-15 13:00:00,380.07
2050-08-15 14:00:00,1202.19
2050-08-15 15:00:00,3454.64
2050-08-15 16:00:00,2614.52
2050-08-15 17:00:00,3920.38
2050-08-15 18:00:00,4271.96
2050-08-15 19:00:00,4140.06
2050-08-15 20:00:00,3768.57
2050-08-15 21:00:00,3040.25
2050-08-15 22:00:00,2853.23
2050-08-15 23:00:00,2124.86
2050-08-16 00:00:00,2251.58
2050-08-16 01:00:00,2381.6
2050-08-16 02:00:00,1897.35
2050-08-16 03:00:00,2020.48
2050-08-16 04:00:00,1755.99
2050-08-16 05:00:00,1614.2
2050-08-16 06:00:00,-740.12
2050-08-16 07:00:00,-314.74
2050-08-16 08:00:00,-1177.28
2050-08-16 09:00:00,-1370.26
2050-08-16 10:00:00,-1711.97
2050-08-16 11:00:00,-1661.44
2050-08-16 12:00:00,-1621.51
2050-08-16 13:00:00,-1364.32
2050-08-16 14:00:00,-803.36
2050-08-16 15:00:00,-46.65
2050-08-16 16:00:00,391.63
2050-08-16 17:00:00,1400.05
2050-08-16 18:00:00,1703.04
2050-08-16 19:00:00,1524.33
2050-08-16 20:00:00,1476.1
2050-08-16 21:00:00,1311.21
2050-08-16 22:00:00,1126.76
2050-08-16 23:00:00,1339.83
2050-08-17 00:00:00,980.39
2050-08-17 01:00:00,832.93
2050-08-17 02:00:00,817.14
2050-08-17 03:00:00,1180.64
2050-08-17 04:00:00,1147.4
2050-08-17 05:00:00,1410.14
2050-08-17 06:00:00,166.59
2050-08-17 07:00:00,230.09
2050-08-17 08:00:00,-500.21
2050-08-17 09:00:00,-526.27
2050-08-17 10:00:00,-711.98
2050-08-17 11:00:00,36.81
2050-08-17 12:00:00,2831.15
2050-08-17 13:00:00,1442.48
2050-08-17 14:00:00,2544.29
2050-08-17 15:00:00,1227.09
2050-08-17 16:00:00,2245.29
2050-08-17 17:00:00,3592.48
2050-08-17 18:00:00,4967.59
2050-08-17 19:00:00,4407.61
2050-08-17 20:00:00,4562.75
2050-08-17 21:00:00,3596.5
2050-08-17 22:00:00,3747.21
2050-08-17 23:00:00,3328.16
2050-08-18 00:00:00,2879.89
2050-08-18 01:00:00,2327.43
2050-08-18 02:00:00,2479.1
2050-08-18 03:00:00,869.8
2050-08-18 04:00:00,1004.72
2050-08-18 05:00:00,1583.46
2050-08-18 06:00:00,1165.39
2050-08-18 07:00:00,1828.67
2050-08-18 08:00:00,1344.37
2050-08-18 09:00:00,302.66
2050-08-18 10:00:00,1508.75
2050-08-18 11:00:00,2588.13
2050-08-18 12:00:00,2618.45
2050-08-18 13:00:00,229.27
2050-08-18 14:00:00,355.69
2050-08-18 15:00:00,23.01
2050-08-18 16:00:00,675.84
2050-08-18 17:00:00,1498.22
2050-08-18 18:00:00,1759.76
2050-08-18 19:00:00,2510.15
2050-08-18 20:00:00,2174.28
2050-08-18 21:00:00,1543.17
2050-08-18 22:00:00,2331.45
2050-08-18 23:00:00,1872.93
2050-08-19 00:00:00,767.82
2050-08-19 01:00:00,1559.92
2050-08-19 02:00:00,1554.17
2050-08-19 03:00:00,1242.29
2050-08-19 04:00:00,1035.53
2050-08-19 05:00:00,1031.49
2050-08-19 06:00:00,80.33
2050-08-19 07:00:00,254.83
2050-08-19 08:00:00,327.17
2050-08-19 09:00:00,256.4
2050-08-19 10:00:00,209.26
2050-08-19 11:00:00,1000.69
2050-08-19 12:00:00,315.63
2050-08-19 13:00:00,841.11
2050-08-19 14:00:00,2164.82
2050-08-19 15:00:00,3297.72
2050-08-19 16:00:00,4102.29
2050-08-19 17:00:00,3936.46
2050-08-19 18:00:00,4548.37
2050-08-19 19:00:00,4295.94
2050-08-19 20:00:00,3993.84
2050-08-19 21:00:00,3671.31
2050-08-19 22:00:00,3961.81
2050-08-19 23:00:00,3035.85
2050-08-20 00:00:00,3267.3
2050-08-20 01:00:00,3094.18
2050-08-20 02:00:00,2817.37
2050-08-20 03:00:00,2444.55
2050-08-20 04:00:00,2321.73
2050-08-20 05:00:00,2195.06
2050-08-20 06:00:00,1484.08
2050-08-20 07:00:00,560.08
2050-08-20 08:00:00,73.08
2050-08-20 09:00:00,-132.29
2050-08-20 10:00:00,-329.26
2050-08-20 11:00:00,-254.42
2050-08-20 12:00:00,1033.65
2050-08-20 13:00:00,1747.5
2050-08-20 14:00:00,2267.1
2050-08-20 15:00:00,2572.04
2050-08-20 16:00:00,3643.27
2050-08-20 17:00:00,4470.6
2050-08-20 18:00:00,5357.88
2050-08-20 19:00:00,5325.04
2050-08-20 20:00:00,5250.2
2050-08-20 21:00:00,4587.48
2050-08-20 22:00:00,4315.14
2050-08-20 23:00:00,3976.33
2050-08-21 00:00:00,3335.77
2050-08-21 01:00:00,2839.21
2050-08-21 02:00:00,2653.58
2050-08-21 03:00:00,2375.29
2050-08-21 04:00:00,2507.89
2050-08-21 05:00:00,2519.36
2050-08-21 06:00:00,795.88
2050-08-21 07:00:00,598.55
2050-08-21 08:00:00,-504.0
2050-08-21 09:00:00,-989.53
2050-08-21 10:00:00,327.91
2050-08-21 11:00:00,-892.67
2050-08-21 12:00:00,-663.29
2050-08-21 13:00:00,-793.43
2050-08-21 14:00:00,-556.49
2050-08-21 15:00:00,233.26
2050-08-21 16:00:00,1213.01
2050-08-21 17:00:00,1924.05
2050-08-21 18:00:00,2557.13
2050-08-21 19:00:00,3057.73
2050-08-21 20:00:00,2463.81
2050-08-21 21:00:00,1331.39
2050-08-21 22:00:00,2951.4
2050-08-21 23:00:00,1379.68
2050-08-22 00:00:00,1247.25
2050-08-22 01:00:00,1169.8
2050-08-22 02:00:00,1215.77
2050-08-22 03:00:00,-876.44
2050-08-22 04:00:00,-1555.37
2050-08-22 05:00:00,-425.96
2050-08-22 06:00:00,-853.56
2050-08-22 07:00:00,-1370.35
2050-08-22 08:00:00,-2997.86
2050-08-22 09:00:00,-3253.47
2050-08-22 10:00:00,-3277.64
2050-08-22 11:00:00,-3010.51
2050-08-22 12:00:00,-2815.47
2050-08-22 13:00:00,-2545.96
2050-08-22 14:00:00,-792.38
2050-08-22 15:00:00,-1204.61
2050-08-22 16:00:00,-534.41
2050-08-22 17:00:00,-63.47
2050-08-22 18:00:00,1866.13
2050-08-22 19:00:00,1854.89
2050-08-22 20:00:00,1748.77
2050-08-22 21:00:00,2090.73
2050-08-22 22:00:00,1502.82
2050-08-22 23:00:00,1275.92
2050-08-23 00:00:00,1699.7
2050-08-23 01:00:00,1681.65
2050-08-23 02:00:00,2347.94
2050-08-23 03:00:00,1804.78
2050-08-23 04:00:00,1844.01
2050-08-23 05:00:00,1443.34
2050-08-23 06:00:00,-99.52
2050-08-23 07:00:00,-344.27
2050-08-23 08:00:00,-861.52
2050-08-23 09:00:00,-1277.56
2050-08-23 10:00:00,-1653.25
2050-08-23 11:00:00,-1556.82
2050-08-23 12:00:00,-1273.06
2050-08-23 13:00:00,-833.37
2050-08-23 14:00:00,-48.54
2050-08-23 15:00:00,298.73
2050-08-23 16:00:00,1842.97
2050-08-23 17:00:00,2707.07
2050-08-23 18:00:00,3710.34
2050-08-23 19:00:00,3565.47
2050-08-23 20:00:00,3691.3
2050-08-23 21:00:00,3266.12
2050-08-23 22:00:00,3160.86
2050-08-23 23:00:00,3219.24
2050-08-24 00:00:00,3075.33
2050-08-24 01:00:00,2836.56
2050-08-24 02:00:00,2299.9
2050-08-24 03:00:00,2246.44
2050-08-24 04:00:00,2196.4
2050-08-24 05:00:00,2386.35
2050-08-24 06:00:00,2392.94
2050-08-24 07:00:00,2221.08
2050-08-24 08:00:00,2317.07
2050-08-24 09:00:00,-642.04
2050-08-24 10:00:00,-1080.04
2050-08-24 11:00:00,-3.57
2050-08-24 12:00:00,899.22
2050-08-24 13:00:00,1769.02
2050-08-24 14:00:00,3342.32
2050-08-24 15:00:00,2152.42
2050-08-24 16:00:00,2106.75
2050-08-24 17:00:00,3204.81
2050-08-24 18:00:00,3353.68
2050-08-24 19:00:00,2635.92
2050-08-24 20:00:00,2212.38
2050-08-24 21:00:00,2548.5
2050-08-24 22:00:00,2529.92
2050-08-24 23:00:00,2576.9
2050-08-25 00:00:00,1410.78
2050-08-25 01:00:00,686.34
2050-08-25 02:00:00,590.16
2050-08-25 03:00:00,524.22
2050-08-25 04:00:00,-497.81
2050-08-25 05:00:00,146.5
2050-08-25 06:00:00,-71.88
2050-08-25 07:00:00,-341.45
2050-08-25 08:00:00,1163.67
2050-08-25 09:00:00,1966.84
2050-08-25 10:00:00,2561.2
2050-08-25 11:00:00,1497.58
2050-08-25 12:00:00,1160.34
2050-08-25 13:00:00,2341.43
2050-08-25 14:00:00,1285.38
2050-08-25 15:00:00,2488.83
2050-08-25 16:00:00,2678.43
2050-08-25 17:00:00,2744.09
2050-08-25 18:00:00,2213.18
2050-08-25 19:00:00,2671.72
2050-08-25 20:00:00,3280.11
2050-08-25 21:00:00,2960.09
2050-08-25 22:00:00,2150.4
2050-08-25 23:00:00,1596.57
2050-08-26 00:00:00,1446.43
2050-08-26 01:00:00,1049.03
2050-08-26 02:00:00,955.31
2050-08-26 03:00:00,1208.41
2050-08-26 04:00:00,1469.25
2050-08-26 05:00:00,1960.95
2050-08-26 06:00:00,1946.5
2050-08-26 07:00:00,1797.63
2050-08-26 08:00:00,894.71
2050-08-26 09:00:00,2240.98
2050-08-26 10:00:00,2514.61
2050-08-26 11:00:00,2337.31
2050-08-26 12:00:00,2224.36
2050-08-26 13:00:00,2043.78
2050-08-26 14:00:00,3472.12
2050-08-26 15:00:00,3359.51
2050-08-26 16:00:00,3469.33
2050-08-26 17:00:00,4817.45
2050-08-26 18:00:00,4311.54
2050-08-26 19:00:00,3973.78
2050-08-26 20:00:00,3730.7
2050-08-26 21:00:00,3130.48
2050-08-26 22:00:00,3174.49
2050-08-26 23:00:00,2986.44
2050-08-27 00:00:00,2260.26
2050-08-27 01:00:00,2251.77
2050-08-27 02:00:00,1752.12
2050-08-27 03:00:00,1658.04
2050-08-27 04:00:00,1742.43
2050-08-27 05:00:00,1894.12
2050-08-27 06:00:00,1936.24
2050-08-27 07:00:00,2480.12
2050-08-27 08:00:00,1947.28
2050-08-27 09:00:00,2126.75
2050-08-27 10:00:00,2204.24
2050-08-27 11:00:00,2317.17
2050-08-27 12:00:00,3127.3
2050-08-27 13:00:00,3162.76
2050-08-27 14:00:00,3384.93
2050-08-27 15:00:00,3960.53
2050-08-27 16:00:00,3924.61
2050-08-27 17:00:00,4047.72
2050-08-27 18:00:00,4884.96
2050-08-27 19:00:00,4024.18
2050-08-27 20:00:00,3738.68
2050-08-27 21:00:00,4347.62
2050-08-27 22:00:00,4354.84
2050-08-27 23:00:00,3982.24
2050-08-28 00:00:00,2918.5
2050-08-28 01:00:00,2002.07
2050-08-28 02:00:00,1676.2
2050-08-28 03:00:00,1304.38
2050-08-28 04:00:00,642.64
2050-08-28 05:00:00,1059.13
2050-08-28 06:00:00,454.34
2050-08-28 07:00:00,-62.1
2050-08-28 08:00:00,711.75
2050-08-28 09:00:00,1181.76
2050-08-28 10:00:00,1037.87
2050-08-28 11:00:00,534.0
2050-08-28 12:00:00,1814.15
2050-08-28 13:00:00,2928.9
2050-08-28 14:00:00,1816.53
2050-08-28 15:00:00,2108.45
2050-08-28 16:00:00,2084.53
2050-08-28 17:00:00,3029.39
2050-08-28 18:00:00,4092.68
2050-08-28 19:00:00,3898.88
2050-08-28 20:00:00,3327.44
2050-08-28 21:00:00,3472.12
2050-08-28 22:00:00,2848.28
2050-08-28 23:00:00,2661.22
2050-08-29 00:00:00,2688.64
2050-08-29 01:00:00,2297.63
2050-08-29 02:00:00,1673.11
2050-08-29 03:00:00,1158.07
2050-08-29 04:00:00,1577.98
2050-08-29 05:00:00,1341.83
2050-08-29 06:00:00,535.05
2050-08-29 07:00:00,363.96
2050-08-29 08:00:00,-38.04
2050-08-29 09:00:00,1351.43
2050-08-29 10:00:00,2366.01
2050-08-29 11:00:00,1926.58
2050-08-29 12:00:00,3160.69
2050-08-29 13:00:00,3000.27
2050-08-29 14:00:00,2609.17
2050-08-29 15:00:00,2729.14
2050-08-29 16:00:00,3660.06
2050-08-29 17:00:00,3380.52
2050-08-29 18:00:00,3481.96
2050-08-29 19:00:00,3636.03
2050-08-29 20:00:00,2663.29
2050-08-29 21:00:00,2764.86
2050-08-29 22:00:00,2230.06
2050-08-29 23:00:00,2336.36
2050-08-30 00:00:00,1589.64
2050-08-30 01:00:00,894.73
2050-08-30 02:00:00,1355.7
2050-08-30 03:00:00,1124.87
2050-08-30 04:00:00,875.7
2050-08-30 05:00:00,1100.25
2050-08-30 06:00:00,925.03
2050-08-30 07:00:00,680.57
2050-08-30 08:00:00,1033.86
2050-08-30 09:00:00,860.49
2050-08-30 10:00:00,1827.3
2050-08-30 11:00:00,1963.2
2050-08-30 12:00:00,1269.87
2050-08-30 13:00:00,1476.04
2050-08-30 14:00:00,2385.01
2050-08-30 15:00:00,2802.29
2050-08-30 16:00:00,3253.6
2050-08-30 17:00:00,3365.14
2050-08-30 18:00:00,3540.65
2050-08-30 19:00:00,3650.83
2050-08-30 20:00:00,3181.1
2050-08-30 21:00:00,1853.76
2050-08-30 22:00:00,2674.82
2050-08-30 23:00:00,2239.6
2050-08-31 00:00:00,1982.6
2050-08-31 01:00:00,1264.55
2050-08-31 02:00:00,344.47
2050-08-31 03:00:00,252.7
2050-08-31 04:00:00,844.52
2050-08-31 05:00:00,1028.33
2050-08-31 06:00:00,514.85
2050-08-31 07:00:00,-566.24
2050-08-31 08:00:00,-334.97
2050-08-31 09:00:00,242.52
2050-08-31 10:00:00,35.33
2050-08-31 11:00:00,1108.9
2050-08-31 12:00:00,1222.77
2050-08-31 13:00:00,1611.36
2050-08-31 14:00:00,2013.48
2050-08-31 15:00:00,2500.59
2050-08-31 16:00:00,4147.59
2050-08-31 17:00:00,4850.09
2050-08-31 18:00:00,5257.05
2050-08-31 19:00:00,5361.82
2050-08-31 20:00:00,4013.02
2050-08-31 21:00:00,3309.8
2050-08-31 22:00:00,2602.42
2050-08-31 23:00:00,1766.63
2050-09-01 00:00:00,1891.29
2050-09-01 01:00:00,1180.88
2050-09-01 02:00:00,1064.56
2050-09-01 03:00:00,1211.77
2050-09-01 04:00:00,1227.1
2050-09-01 05:00:00,985.35
2050-09-01 06:00:00,1015.42
2050-09-01 07:00:00,-180.33
2050-09-01 08:00:00,-565.8
2050-09-01 09:00:00,-818.1
2050-09-01 10:00:00,-905.55
2050-09-01 11:00:00,-997.15
2050-09-01 12:00:00,-239.88
2050-09-01 13:00:00,838.21
2050-09-01 14:00:00,1724.43
2050-09-01 15:00:00,2816.97
2050-09-01 16:00:00,4271.33
2050-09-01 17:00:00,4968.66
2050-09-01 18:00:00,5873.04
2050-09-01 19:00:00,5663.15
2050-09-01 20:00:00,4857.31
2050-09-01 21:00:00,4396.53
2050-09-01 22:00:00,3058.45
2050-09-01 23:00:00,2202.72
2050-09-02 00:00:00,2999.38
2050-09-02 01:00:00,3487.0
2050-09-02 02:00:00,2339.1
2050-09-02 03:00:00,1885.59
2050-09-02 04:00:00,1713.94
2050-09-02 05:00:00,2158.0
2050-09-02 06:00:00,1073.3
2050-09-02 07:00:00,352.73
2050-09-02 08:00:00,-426.94
2050-09-02 09:00:00,-811.15
2050-09-02 10:00:00,-893.91
2050-09-02 11:00:00,-739.28
2050-09-02 12:00:00,-207.56
2050-09-02 13:00:00,156.17
2050-09-02 14:00:00,543.87
2050-09-02 15:00:00,1817.63
2050-09-02 16:00:00,2895.12
2050-09-02 17:00:00,3925.82
2050-09-02 18:00:00,4780.27
2050-09-02 19:00:00,3571.36
2050-09-02 20:00:00,3222.7
2050-09-02 21:00:00,2762.72
2050-09-02 22:00:00,2144.34
2050-09-02 23:00:00,2478.56
2050-09-03 00:00:00,1898.15
2050-09-03 01:00:00,1426.84
2050-09-03 02:00:00,1407.01
2050-09-03 03:00:00,1837.99
2050-09-03 04:00:00,1875.03
2050-09-03 05:00:00,1629.0
2050-09-03 06:00:00,907.74
2050-09-03 07:00:00,190.63
2050-09-03 08:00:00,-463.26
2050-09-03 09:00:00,-619.4
2050-09-03 10:00:00,-354.78
2050-09-03 11:00:00,-644.17
2050-09-03 12:00:00,-262.03
2050-09-03 13:00:00,410.12
2050-09-03 14:00:00,1717.52
2050-09-03 15:00:00,2961.18
2050-09-03 16:00:00,3818.83
2050-09-03 17:00:00,4138.7
2050-09-03 18:00:00,4502.73
2050-09-03 19:00:00,4840.62
2050-09-03 20:00:00,4245.76
2050-09-03 21:00:00,4301.72
2050-09-03 22:00:00,3821.17
2050-09-03 23:00:00,2624.63
2050-09-04 00:00:00,2364.02
2050-09-04 01:00:00,2696.28
2050-09-04 02:00:00,2598.84
2050-09-04 03:00:00,2092.32
2050-09-04 04:00:00,1696.91
2050-09-04 05:00:00,1923.88
2050-09-04 06:00:00,1282.11
2050-09-04 07:00:00,940.59
2050-09-04 08:00:00,-429.08
2050-09-04 09:00:00,-580.93
2050-09-04 10:00:00,-889.61
2050-09-04 11:00:00,137.75
2050-09-04 12:00:00,180.48
2050-09-04 13:00:00,994.39
2050-09-04 14:00:00,1559.89
2050-09-04 15:00:00,2572.33
2050-09-04 16:00:00,2088.54
2050-09-04 17:00:00,2880.02
2050-09-04 18:00:00,3327.65
2050-09-04 19:00:00,3727.26
2050-09-04 20:00:00,3972.37
2050-09-04 21:00:00,2820.43
2050-09-04 22:00:00,3163.81
2050-09-04 23:00:00,2151.36
2050-09-05 00:00:00,1295.01
2050-09-05 01:00:00,743.17
2050-09-05 02:00:00,644.54
2050-09-05 03:00:00,489.49
2050-09-05 04:00:00,206.75
2050-09-05 05:00:00,399.92
2050-09-05 06:00:00,279.18
2050-09-05 07:00:00,-391.65
2050-09-05 08:00:00,-979.98
2050-09-05 09:00:00,-1465.61
2050-09-05 10:00:00,-351.6
2050-09-05 11:00:00,51.11
2050-09-05 12:00:00,-222.8
2050-09-05 13:00:00,-819.92
2050-09-05 14:00:00,240.14
2050-09-05 15:00:00,1304.01
2050-09-05 16:00:00,2258.31
2050-09-05 17:00:00,2915.24
2050-09-05 18:00:00,3236.48
2050-09-05 19:00:00,2047.16
2050-09-05 20:00:00,2044.52
2050-09-05 21:00:00,2401.72
2050-09-05 22:00:00,2189.83
2050-09-05 23:00:00,2046.52
2050-09-06 00:00:00,1864.02
2050-09-06 01:00:00,1896.41
2050-09-06 02:00:00,1411.7
2050-09-06 03:00:00,1120.24
2050-09-06 04:00:00,1198.03
2050-09-06 05:00:00,853.16
2050-09-06 06:00:00,444.81
2050-09-06 07:00:00,43.22
2050-09-06 08:00:00,-364.1
2050-09-06 09:00:00,487.26
2050-09-06 10:00:00,829.1
2050-09-06 11:00:00,1063.64
2050-09-06 12:00:00,2257.38
2050-09-06 13:00:00,2849.87
2050-09-06 14:00:00,2197.06
2050-09-06 15:00:00,1427.93
2050-09-06 16:00:00,1942.06
2050-09-06 17:00:00,1652.58
2050-09-06 18:00:00,1764.32
2050-09-06 19:00:00,1714.59
2050-09-06 20:00:00,1001.81
2050-09-06 21:00:00,1383.18
2050-09-06 22:00:00,1554.47
2050-09-06 23:00:00,907.19
2050-09-07 00:00:00,1144.28
2050-09-07 01:00:00,1179.63
2050-09-07 02:00:00,1008.65
2050-09-07 03:00:00,1121.61
2050-09-07 04:00:00,697.07
2050-09-07 05:00:00,239.69
2050-09-07 06:00:00,306.68
2050-09-07 07:00:00,-286.87
2050-09-07 08:00:00,457.1
2050-09-07 09:00:00,733.9
2050-09-07 10:00:00,781.08
2050-09-07 11:00:00,1245.73
2050-09-07 12:00:00,1470.24
2050-09-07 13:00:00,967.47
2050-09-07 14:00:00,2171.86
2050-09-07 15:00:00,2393.83
2050-09-07 16:00:00,2125.77
2050-09-07 17:00:00,2294.58
2050-09-07 18:00:00,2763.69
2050-09-07 19:00:00,2893.39
2050-09-07 20:00:00,2442.06
2050-09-07 21:00:00,2741.73
2050-09-07 22:00:00,2325.42
2050-09-07 23:00:00,2187.54
2050-09-08 00:00:00,2254.72
2050-09-08 01:00:00,2029.4
2050-09-08 02:00:00,1830.28
2050-09-08 03:00:00,1445.52
2050-09-08 04:00:00,1117.69
2050-09-08 05:00:00,907.16
2050-09-08 06:00:00,170.7
2050-09-08 07:00:00,-665.83
2050-09-08 08:00:00,-1778.12
2050-09-08 09:00:00,-1736.94
2050-09-08 10:00:00,-2211.84
2050-09-08 11:00:00,-2183.58
2050-09-08 12:00:00,-1861.96
2050-09-08 13:00:00,-1634.7
2050-09-08 14:00:00,-1088.32
2050-09-08 15:00:00,-0.32
2050-09-08 16:00:00,1309.48
2050-09-08 17:00:00,2548.68
2050-09-08 18:00:00,3593.33
2050-09-08 19:00:00,2400.86
2050-09-08 20:00:00,2908.78
2050-09-08 21:00:00,2825.83
2050-09-08 22:00:00,2222.03
2050-09-08 23:00:00,1555.73
2050-09-09 00:00:00,1689.2
2050-09-09 01:00:00,686.9
2050-09-09 02:00:00,765.39
2050-09-09 03:00:00,244.06
2050-09-09 04:00:00,786.61
2050-09-09 05:00:00,897.65
2050-09-09 06:00:00,570.1
2050-09-09 07:00:00,-434.19
2050-09-09 08:00:00,-1304.55
2050-09-09 09:00:00,-1559.56
2050-09-09 10:00:00,-1454.72
2050-09-09 11:00:00,-1715.28
2050-09-09 12:00:00,-1654.92
2050-09-09 13:00:00,-764.57
2050-09-09 14:00:00,59.82
2050-09-09 15:00:00,457.61
2050-09-09 16:00:00,2061.73
2050-09-09 17:00:00,3531.77
2050-09-09 18:00:00,4587.78
2050-09-09 19:00:00,4524.76
2050-09-09 20:00:00,3741.98
2050-09-09 21:00:00,3510.51
2050-09-09 22:00:00,3182.44
2050-09-09 23:00:00,2890.68
2050-09-10 00:00:00,2415.24
2050-09-10 01:00:00,1994.12
2050-09-10 02:00:00,2365.42
2050-09-10 03:00:00,2169.12
2050-09-10 04:00:00,1883.6
2050-09-10 05:00:00,1866.3
2050-09-10 06:00:00,1193.09
2050-09-10 07:00:00,189.7
2050-09-10 08:00:00,-1475.92
2050-09-10 09:00:00,-1761.27
2050-09-10 10:00:00,-2199.38
2050-09-10 11:00:00,-2873.29
2050-09-10 12:00:00,-2393.99
2050-09-10 13:00:00,-2078.67
2050-09-10 14:00:00,-353.2
2050-09-10 15:00:00,-23.83
2050-09-10 16:00:00,1432.37
2050-09-10 17:00:00,2917.25
2050-09-10 18:00:00,3536.18
2050-09-10 19:00:00,2921.43
2050-09-10 20:00:00,2743.75
2050-09-10 21:00:00,2988.12
2050-09-10 22:00:00,2984.95
2050-09-10 23:00:00,2331.36
2050-09-11 00:00:00,1243.04
2050-09-11 01:00:00,1450.68
2050-09-11 02:00:00,1655.47
2050-09-11 03:00:00,763.11
2050-09-11 04:00:00,248.74
2050-09-11 05:00:00,392.92
2050-09-11 06:00:00,813.12
2050-09-11 07:00:00,1231.53
2050-09-11 08:00:00,930.34
2050-09-11 09:00:00,179.1
2050-09-11 10:00:00,825.11
2050-09-11 11:00:00,1662.13
2050-09-11 12:00:00,1872.03
2050-09-11 13:00:00,2342.09
2050-09-11 14:00:00,2545.77
2050-09-11 15:00:00,3317.47
2050-09-11 16:00:00,4239.94
2050-09-11 17:00:00,4984.51
2050-09-11 18:00:00,5124.67
2050-09-11 19:00:00,4721.78
2050-09-11 20:00:00,3458.01
2050-09-11 21:00:00,3161.57
2050-09-11 22:00:00,2405.04
2050-09-11 23:00:00,2100.41
2050-09-12 00:00:00,1627.24
2050-09-12 01:00:00,1829.47
2050-09-12 02:00:00,1835.81
2050-09-12 03:00:00,1480.23
2050-09-12 04:00:00,1559.84
2050-09-12 05:00:00,1721.98
2050-09-12 06:00:00,1398.44
2050-09-12 07:00:00,1698.32
2050-09-12 08:00:00,-372.89
2050-09-12 09:00:00,262.69
2050-09-12 10:00:00,1309.4
2050-09-12 11:00:00,268.16
2050-09-12 12:00:00,-1109.04
2050-09-12 13:00:00,-1323.53
2050-09-12 14:00:00,-692.75
2050-09-12 15:00:00,-262.41
2050-09-12 16:00:00,1162.13
2050-09-12 17:00:00,2483.13
2050-09-12 18:00:00,2082.73
2050-09-12 19:00:00,1767.15
2050-09-12 20:00:00,2227.29
2050-09-12 21:00:00,2247.47
2050-09-12 22:00:00,1842.15
2050-09-12 23:00:00,1536.78
2050-09-13 00:00:00,1371.99
2050-09-13 01:00:00,2036.38
2050-09-13 02:00:00,1395.79
2050-09-13 03:00:00,807.5
2050-09-13 04:00:00,1315.02
2050-09-13 05:00:00,1320.75
2050-09-13 06:00:00,681.14
2050-09-13 07:00:00,-798.39
2050-09-13 08:00:00,-416.06
2050-09-13 09:00:00,-876.42
2050-09-13 10:00:00,-1786.49
2050-09-13 11:00:00,-1299.54
2050-09-13 12:00:00,-980.93
2050-09-13 13:00:00,-965.42
2050-09-13 14:00:00,80.41
2050-09-13 15:00:00,1170.29
2050-09-13 16:00:00,1727.72
2050-09-13 17:00:00,3489.75
2050-09-13 18:00:00,4189.49
2050-09-13 19:00:00,3552.95
2050-09-13 20:00:00,3401.12
2050-09-13 21:00:00,2545.67
2050-09-13 22:00:00,2086.32
2050-09-13 23:00:00,1875.68
2050-09-14 00:00:00,2011.79
2050-09-14 01:00:00,1336.22
2050-09-14 02:00:00,750.59
2050-09-14 03:00:00,285.06
2050-09-14 04:00:00,-561.2
2050-09-14 05:00:00,-253.54
2050-09-14 06:00:00,-72.65
2050-09-14 07:00:00,-1014.92
2050-09-14 08:00:00,-2130.83
2050-09-14 09:00:00,-2993.07
2050-09-14 10:00:00,-3145.04
2050-09-14 11:00:00,-2985.68
2050-09-14 12:00:00,-2612.01
2050-09-14 13:00:00,-1921.37
2050-09-14 14:00:00,-573.71
2050-09-14 15:00:00,438.3
2050-09-14 16:00:00,2036.16
2050-09-14 17:00:00,3414.97
2050-09-14 18:00:00,3097.39
2050-09-14 19:00:00,3041.18
2050-09-14 20:00:00,2672.87
2050-09-14 21:00:00,1890.51
2050-09-14 22:00:00,967.04
2050-09-14 23:00:00,218.95
2050-09-15 00:00:00,-64.04
2050-09-15 01:00:00,-600.35
2050-09-15 02:00:00,-225.64
2050-09-15 03:00:00,-428.63
2050-09-15 04:00:00,-48.41
2050-09-15 05:00:00,149.33
2050-09-15 06:00:00,-501.81
2050-09-15 07:00:00,-1835.5
2050-09-15 08:00:00,-1871.81
2050-09-15 09:00:00,-2227.38
2050-09-15 10:00:00,-2408.41
2050-09-15 11:00:00,-2128.54
2050-09-15 12:00:00,-1550.47
2050-09-15 13:00:00,-972.46
2050-09-15 14:00:00,-106.41
2050-09-15 15:00:00,1031.7
2050-09-15 16:00:00,2557.31
2050-09-15 17:00:00,3917.43
2050-09-15 18:00:00,4570.05
2050-09-15 19:00:00,4439.03
2050-09-15 20:00:00,3829.74
2050-09-15 21:00:00,3390.2
2050-09-15 22:00:00,3235.3
2050-09-15 23:00:00,2739.09
2050-09-16 00:00:00,2275.16
2050-09-16 01:00:00,2516.07
2050-09-16 02:00:00,2440.17
2050-09-16 03:00:00,2412.88
2050-09-16 04:00:00,2280.9
2050-09-16 05:00:00,2153.88
2050-09-16 06:00:00,1716.39
2050-09-16 07:00:00,737.92
2050-09-16 08:00:00,-206.71
2050-09-16 09:00:00,-572.91
2050-09-16 10:00:00,-1130.84
2050-09-16 11:00:00,-1254.93
2050-09-16 12:00:00,-986.94
2050-09-16 13:00:00,-465.8
2050-09-16 14:00:00,190.41
2050-09-16 15:00:00,1334.19
2050-09-16 16:00:00,2754.14
2050-09-16 17:00:00,4124.31
2050-09-16 18:00:00,4521.35
2050-09-16 19:00:00,4810.39
2050-09-16 20:00:00,4486.6
2050-09-16 21:00:00,4618.31
2050-09-16 22:00:00,4251.0
2050-09-16 23:00:00,4056.89
2050-09-17 00:00:00,3487.75
2050-09-17 01:00:00,3247.34
2050-09-17 02:00:00,2733.21
2050-09-17 03:00:00,2460.12
2050-09-17 04:00:00,2532.11
2050-09-17 05:00:00,2463.99
2050-09-17 06:00:00,2393.6
2050-09-17 07:00:00,1021.91
2050-09-17 08:00:00,1957.46
2050-09-17 09:00:00,131.28
2050-09-17 10:00:00,604.33
2050-09-17 11:00:00,-497.27
2050-09-17 12:00:00,-291.53
2050-09-17 13:00:00,373.78
2050-09-17 14:00:00,886.11
2050-09-17 15:00:00,1944.93
2050-09-17 16:00:00,3167.33
2050-09-17 17:00:00,4402.99
2050-09-17 18:00:00,4466.08
2050-09-17 19:00:00,3814.91
2050-09-17 20:00:00,3071.34
2050-09-17 21:00:00,2891.41
2050-09-17 22:00:00,2867.09
2050-09-17 23:00:00,1927.53
2050-09-18 00:00:00,1580.8
2050-09-18 01:00:00,1316.42
2050-09-18 02:00:00,1229.66
2050-09-18 03:00:00,764.29
2050-09-18 04:00:00,672.03
2050-09-18 05:00:00,-65.29
2050-09-18 06:00:00,-86.95
2050-09-18 07:00:00,-863.91
2050-09-18 08:00:00,-3298.08
2050-09-18 09:00:00,-3389.49
2050-09-18 10:00:00,-3700.48
2050-09-18 11:00:00,-3838.94
2050-09-18 12:00:00,-3947.94
2050-09-18 13:00:00,-2740.22
2050-09-18 14:00:00,-2048.24
2050-09-18 15:00:00,-301.89
2050-09-18 16:00:00,1256.61
2050-09-18 17:00:00,2401.44
2050-09-18 18:00:00,2209.91
2050-09-18 19:00:00,1419.66
2050-09-18 20:00:00,920.48
2050-09-18 21:00:00,291.29
2050-09-18 22:00:00,461.99
2050-09-18 23:00:00,357.9
2050-09-19 00:00:00,-570.72
2050-09-19 01:00:00,-153.25
2050-09-19 02:00:00,-730.53
2050-09-19 03:00:00,-1061.26
2050-09-19 04:00:00,-944.32
2050-09-19 05:00:00,-661.38
2050-09-19 06:00:00,-616.12
2050-09-19 07:00:00,-786.2
2050-09-19 08:00:00,-1894.36
2050-09-19 09:00:00,-3855.88
2050-09-19 10:00:00,-3319.49
2050-09-19 11:00:00,-2777.79
2050-09-19 12:00:00,-2519.11
2050-09-19 13:00:00,-1349.63
2050-09-19 14:00:00,-169.61
2050-09-19 15:00:00,-44.92
2050-09-19 16:00:00,1688.97
2050-09-19 17:00:00,3301.19
2050-09-19 18:00:00,3799.03
2050-09-19 19:00:00,4052.19
2050-09-19 20:00:00,3553.87
2050-09-19 21:00:00,2728.23
2050-09-19 22:00:00,3107.72
2050-09-19 23:00:00,2944.69
2050-09-20 00:00:00,2431.5
2050-09-20 01:00:00,1221.08
2050-09-20 02:00:00,852.75
2050-09-20 03:00:00,473.33
2050-09-20 04:00:00,278.98
2050-09-20 05:00:00,305.08
2050-09-20 06:00:00,-421.53
2050-09-20 07:00:00,-1284.82
2050-09-20 08:00:00,-1782.5
2050-09-20 09:00:00,-2955.62
2050-09-20 10:00:00,-3053.81
2050-09-20 11:00:00,-3018.33
2050-09-20 12:00:00,-1912.0
2050-09-20 13:00:00,-1297.28
2050-09-20 14:00:00,1642.26
2050-09-20 15:00:00,2464.44
2050-09-20 16:00:00,3041.57
2050-09-20 17:00:00,3745.45
2050-09-20 18:00:00,4128.86
2050-09-20 19:00:00,3714.2
2050-09-20 20:00:00,3537.71
2050-09-20 21:00:00,3049.92
2050-09-20 22:00:00,1891.91
2050-09-20 23:00:00,1749.54
2050-09-21 00:00:00,1308.24
2050-09-21 01:00:00,1414.67
2050-09-21 02:00:00,1151.12
2050-09-21 03:00:00,779.89
2050-09-21 04:00:00,568.1
2050-09-21 05:00:00,927.26
2050-09-21 06:00:00,246.73
2050-09-21 07:00:00,-1104.4
2050-09-21 08:00:00,-1888.26
2050-09-21 09:00:00,-1896.96
2050-09-21 10:00:00,-2391.63
2050-09-21 11:00:00,-1997.32
2050-09-21 12:00:00,-1475.95
2050-09-21 13:00:00,-805.9
2050-09-21 14:00:00,-87.74
2050-09-21 15:00:00,1221.84
2050-09-21 16:00:00,2509.06
2050-09-21 17:00:00,3737.0
2050-09-21 18:00:00,3883.12
2050-09-21 19:00:00,2650.15
2050-09-21 20:00:00,1970.61
2050-09-21 21:00:00,1651.09
2050-09-21 22:00:00,1722.71
2050-09-21 23:00:00,1612.41
2050-09-22 00:00:00,995.42
2050-09-22 01:00:00,198.39
2050-09-22 02:00:00,-263.47
2050-09-22 03:00:00,-287.5
2050-09-22 04:00:00,-675.43
2050-09-22 05:00:00,-120.67
2050-09-22 06:00:00,-714.55
2050-09-22 07:00:00,-1441.4
2050-09-22 08:00:00,-2382.5
2050-09-22 09:00:00,-1098.77
2050-09-22 10:00:00,-2141.53
2050-09-22 11:00:00,458.33
2050-09-22 12:00:00,1212.27
2050-09-22 13:00:00,1292.98
2050-09-22 14:00:00,766.75
2050-09-22 15:00:00,-805.26
2050-09-22 16:00:00,-96.17
2050-09-22 17:00:00,1929.9
2050-09-22 18:00:00,2382.67
2050-09-22 19:00:00,1336.69
2050-09-22 20:00:00,172.24
2050-09-22 21:00:00,-189.51
2050-09-22 22:00:00,-371.54
2050-09-22 23:00:00,-464.59
2050-09-23 00:00:00,-864.89
2050-09-23 01:00:00,-741.26
2050-09-23 02:00:00,-1190.01
2050-09-23 03:00:00,-1598.5
2050-09-23 04:00:00,-1929.35
2050-09-23 05:00:00,-1863.56
2050-09-23 06:00:00,-3336.93
2050-09-23 07:00:00,-4639.83
2050-09-23 08:00:00,-4530.44
2050-09-23 09:00:00,-4543.84
2050-09-23 10:00:00,-5252.05
2050-09-23 11:00:00,-4965.44
2050-09-23 12:00:00,-5006.3
2050-09-23 13:00:00,-4097.49
2050-09-23 14:00:00,-3547.61
2050-09-23 15:00:00,-2058.4
2050-09-23 16:00:00,-980.36
2050-09-23 17:00:00,810.78
2050-09-23 18:00:00,1236.12
2050-09-23 19:00:00,1067.49
2050-09-23 20:00:00,815.78
2050-09-23 21:00:00,1187.75
2050-09-23 22:00:00,888.64
2050-09-23 23:00:00,794.66
2050-09-24 00:00:00,104.3
2050-09-24 01:00:00,231.94
2050-09-24 02:00:00,46.76
2050-09-24 03:00:00,-644.42
2050-09-24 04:00:00,-805.05
2050-09-24 05:00:00,-265.77
2050-09-24 06:00:00,-1030.25
2050-09-24 07:00:00,-1122.73
2050-09-24 08:00:00,-1182.88
2050-09-24 09:00:00,-2318.68
2050-09-24 10:00:00,-1865.1
2050-09-24 11:00:00,-2377.14
2050-09-24 12:00:00,-865.02
2050-09-24 13:00:00,-1124.55
2050-09-24 14:00:00,-175.16
2050-09-24 15:00:00,1066.77
2050-09-24 16:00:00,2714.03
2050-09-24 17:00:00,3797.29
2050-09-24 18:00:00,4329.42
2050-09-24 19:00:00,3682.25
2050-09-24 20:00:00,3150.13
2050-09-24 21:00:00,3495.74
2050-09-24 22:00:00,2873.81
2050-09-24 23:00:00,3013.95
2050-09-25 00:00:00,2043.1
2050-09-25 01:00:00,1821.54
2050-09-25 02:00:00,1303.48
2050-09-25 03:00:00,1662.1
2050-09-25 04:00:00,1460.42
2050-09-25 05:00:00,1703.94
2050-09-25 06:00:00,1688.79
2050-09-25 07:00:00,1374.09
2050-09-25 08:00:00,-54.89
2050-09-25 09:00:00,1507.49
2050-09-25 10:00:00,110.63
2050-09-25 11:00:00,913.94
2050-09-25 12:00:00,1767.45
2050-09-25 13:00:00,960.0
2050-09-25 14:00:00,1289.76
2050-09-25 15:00:00,2626.29
2050-09-25 16:00:00,2861.82
2050-09-25 17:00:00,3412.91
2050-09-25 18:00:00,4187.98
2050-09-25 19:00:00,3167.95
2050-09-25 20:00:00,3058.18
2050-09-25 21:00:00,1240.12
2050-09-25 22:00:00,1322.68
2050-09-25 23:00:00,420.08
2050-09-26 00:00:00,1270.26
2050-09-26 01:00:00,843.63
2050-09-26 02:00:00,399.31
2050-09-26 03:00:00,551.15
2050-09-26 04:00:00,610.94
2050-09-26 05:00:00,130.99
2050-09-26 06:00:00,-855.12
2050-09-26 07:00:00,-2119.22
2050-09-26 08:00:00,-3398.99
2050-09-26 09:00:00,-3848.65
2050-09-26 10:00:00,-4528.09
2050-09-26 11:00:00,-4680.71
2050-09-26 12:00:00,-4817.14
2050-09-26 13:00:00,-4388.1
2050-09-26 14:00:00,-2864.18
2050-09-26 15:00:00,-2134.01
2050-09-26 16:00:00,-1345.22
2050-09-26 17:00:00,-520.02
2050-09-26 18:00:00,1174.81
2050-09-26 19:00:00,1712.86
2050-09-26 20:00:00,1326.69
2050-09-26 21:00:00,1430.97
2050-09-26 22:00:00,1360.14
2050-09-26 23:00:00,1212.51
2050-09-27 00:00:00,484.41
2050-09-27 01:00:00,-174.15
2050-09-27 02:00:00,-281.6
2050-09-27 03:00:00,-277.31
2050-09-27 04:00:00,-53.9
2050-09-27 05:00:00,417.25
2050-09-27 06:00:00,576.63
2050-09-27 07:00:00,-109.72
2050-09-27 08:00:00,-1899.96
2050-09-27 09:00:00,-2401.65
2050-09-27 10:00:00,-2599.01
2050-09-27 11:00:00,-2427.59
2050-09-27 12:00:00,-2327.66
2050-09-27 13:00:00,-2342.09
2050-09-27 14:00:00,-1242.23
2050-09-27 15:00:00,-316.55
2050-09-27 16:00:00,801.01
2050-09-27 17:00:00,2009.32
2050-09-27 18:00:00,2546.03
2050-09-27 19:00:00,1771.99
2050-09-27 20:00:00,1916.69
2050-09-27 21:00:00,1972.39
2050-09-27 22:00:00,1839.35
2050-09-27 23:00:00,1331.35
2050-09-28 00:00:00,515.36
2050-09-28 01:00:00,664.13
2050-09-28 02:00:00,32.7
2050-09-28 03:00:00,-655.56
2050-09-28 04:00:00,-816.51
2050-09-28 05:00:00,-369.9
2050-09-28 06:00:00,-2155.09
2050-09-28 07:00:00,-3242.18
2050-09-28 08:00:00,-3594.17
2050-09-28 09:00:00,-2887.41
2050-09-28 10:00:00,-3776.42
2050-09-28 11:00:00,-4078.42
2050-09-28 12:00:00,-3871.36
2050-09-28 13:00:00,-2826.32
2050-09-28 14:00:00,-1186.25
2050-09-28 15:00:00,805.4
2050-09-28 16:00:00,996.21
2050-09-28 17:00:00,1849.15
2050-09-28 18:00:00,2106.18
2050-09-28 19:00:00,1500.57
2050-09-28 20:00:00,1446.91
2050-09-28 21:00:00,1647.2
2050-09-28 22:00:00,579.85
2050-09-28 23:00:00,-68.13
2050-09-29 00:00:00,-452.01
2050-09-29 01:00:00,-641.9
2050-09-29 02:00:00,-696.76
2050-09-29 03:00:00,-1424.36
2050-09-29 04:00:00,-1882.76
2050-09-29 05:00:00,-2162.4
2050-09-29 06:00:00,-2631.08
2050-09-29 07:00:00,-2300.19
2050-09-29 08:00:00,-4564.94
2050-09-29 09:00:00,-3930.17
2050-09-29 10:00:00,-3646.73
2050-09-29 11:00:00,-3460.08
2050-09-29 12:00:00,-2990.46
2050-09-29 13:00:00,-407.28
2050-09-29 14:00:00,1016.17
2050-09-29 15:00:00,2344.7
2050-09-29 16:00:00,2987.85
2050-09-29 17:00:00,3321.66
2050-09-29 18:00:00,4098.58
2050-09-29 19:00:00,2641.5
2050-09-29 20:00:00,2853.11
2050-09-29 21:00:00,2344.03
2050-09-29 22:00:00,1468.17
2050-09-29 23:00:00,-240.66
2050-09-30 00:00:00,249.35
2050-09-30 01:00:00,-1003.73
2050-09-30 02:00:00,-2121.81
2050-09-30 03:00:00,-2904.5
2050-09-30 04:00:00,-2762.21
2050-09-30 05:00:00,-1147.23
2050-09-30 06:00:00,-2657.94
2050-09-30 07:00:00,-3508.57
2050-09-30 08:00:00,-3179.06
2050-09-30 09:00:00,-2994.75
2050-09-30 10:00:00,-3091.11
2050-09-30 11:00:00,-2914.19
2050-09-30 12:00:00,-2317.96
2050-09-30 13:00:00,-1169.14
2050-09-30 14:00:00,-575.07
2050-09-30 15:00:00,411.36
2050-09-30 16:00:00,512.79
2050-09-30 17:00:00,1145.49
2050-09-30 18:00:00,1809.76
2050-09-30 19:00:00,1193.22
2050-09-30 20:00:00,1072.46
2050-09-30 21:00:00,1058.06
2050-09-30 22:00:00,541.03
2050-09-30 23:00:00,294.41
2050-10-01 00:00:00,-984.75
2050-10-01 01:00:00,-795.28
2050-10-01 02:00:00,-529.13
2050-10-01 03:00:00,-864.09
2050-10-01 04:00:00,-969.45
2050-10-01 05:00:00,-1039.57
2050-10-01 06:00:00,-825.21
2050-10-01 07:00:00,-879.5
2050-10-01 08:00:00,-1208.23
2050-10-01 09:00:00,-1591.95
2050-10-01 10:00:00,-1294.31
2050-10-01 11:00:00,-961.08
2050-10-01 12:00:00,-340.13
2050-10-01 13:00:00,982.79
2050-10-01 14:00:00,596.21
2050-10-01 15:00:00,494.38
2050-10-01 16:00:00,842.83
2050-10-01 17:00:00,1209.25
2050-10-01 18:00:00,1496.97
2050-10-01 19:00:00,1171.81
2050-10-01 20:00:00,-0.51
2050-10-01 21:00:00,-222.68
2050-10-01 22:00:00,142.31
2050-10-01 23:00:00,-101.35
2050-10-02 00:00:00,-459.03
2050-10-02 01:00:00,-1121.85
2050-10-02 02:00:00,-1803.92
2050-10-02 03:00:00,-1704.48
2050-10-02 04:00:00,-1769.67
2050-10-02 05:00:00,-1698.96
2050-10-02 06:00:00,-1613.92
2050-10-02 07:00:00,-2035.16
2050-10-02 08:00:00,-1233.29
2050-10-02 09:00:00,-1199.12
2050-10-02 10:00:00,-2257.24
2050-10-02 11:00:00,-1718.28
2050-10-02 12:00:00,-2135.49
2050-10-02 13:00:00,-2285.64
2050-10-02 14:00:00,-1319.72
2050-10-02 15:00:00,-775.76
2050-10-02 16:00:00,-274.13
2050-10-02 17:00:00,1264.53
2050-10-02 18:00:00,1284.07
2050-10-02 19:00:00,525.28
2050-10-02 20:00:00,-1256.02
2050-10-02 21:00:00,195.46
2050-10-02 22:00:00,-819.86
2050-10-02 23:00:00,-1111.37
2050-10-03 00:00:00,-1855.09
2050-10-03 01:00:00,-371.21
2050-10-03 02:00:00,-473.02
2050-10-03 03:00:00,-321.97
2050-10-03 04:00:00,-278.47
2050-10-03 05:00:00,-564.93
2050-10-03 06:00:00,-411.88
2050-10-03 07:00:00,-380.05
2050-10-03 08:00:00,-676.18
2050-10-03 09:00:00,-1395.69
2050-10-03 10:00:00,-1355.98
2050-10-03 11:00:00,-1069.45
2050-10-03 12:00:00,-2177.47
2050-10-03 13:00:00,-3328.16
2050-10-03 14:00:00,-959.96
2050-10-03 15:00:00,-1117.86
2050-10-03 16:00:00,989.14
2050-10-03 17:00:00,1752.74
2050-10-03 18:00:00,2069.71
2050-10-03 19:00:00,1981.27
2050-10-03 20:00:00,2420.52
2050-10-03 21:00:00,1885.56
2050-10-03 22:00:00,1409.87
2050-10-03 23:00:00,1563.16
2050-10-04 00:00:00,1129.77
2050-10-04 01:00:00,784.54
2050-10-04 02:00:00,-30.4
2050-10-04 03:00:00,-84.73
2050-10-04 04:00:00,-659.58
2050-10-04 05:00:00,-775.92
2050-10-04 06:00:00,-735.43
2050-10-04 07:00:00,-2255.24
2050-10-04 08:00:00,-396.08
2050-10-04 09:00:00,-780.01
2050-10-04 10:00:00,-3263.82
2050-10-04 11:00:00,-2784.47
2050-10-04 12:00:00,-1261.65
2050-10-04 13:00:00,-1387.06
2050-10-04 14:00:00,-3029.77
2050-10-04 15:00:00,-2990.43
2050-10-04 16:00:00,-1259.77
2050-10-04 17:00:00,-649.4
2050-10-04 18:00:00,-1047.59
2050-10-04 19:00:00,-242.73
2050-10-04 20:00:00,361.65
2050-10-04 21:00:00,-253.21
2050-10-04 22:00:00,164.92
2050-10-04 23:00:00,395.27
2050-10-05 00:00:00,-1169.06
2050-10-05 01:00:00,-700.22
2050-10-05 02:00:00,-856.78
2050-10-05 03:00:00,-1641.91
2050-10-05 04:00:00,-1225.2
2050-10-05 05:00:00,-511.76
2050-10-05 06:00:00,-2.35
2050-10-05 07:00:00,-2475.15
2050-10-05 08:00:00,-302.33
2050-10-05 09:00:00,47.93
2050-10-05 10:00:00,-3500.12
2050-10-05 11:00:00,-3367.94
2050-10-05 12:00:00,-3171.98
2050-10-05 13:00:00,-2132.2
2050-10-05 14:00:00,-1559.91
2050-10-05 15:00:00,-280.22
2050-10-05 16:00:00,1297.13
2050-10-05 17:00:00,3066.26
2050-10-05 18:00:00,3067.93
2050-10-05 19:00:00,3605.4
2050-10-05 20:00:00,3695.87
2050-10-05 21:00:00,3436.62
2050-10-05 22:00:00,3292.25
2050-10-05 23:00:00,3240.21
2050-10-06 00:00:00,2631.84
2050-10-06 01:00:00,2624.5
2050-10-06 02:00:00,2530.06
2050-10-06 03:00:00,2412.52
2050-10-06 04:00:00,2164.38
2050-10-06 05:00:00,2214.22
2050-10-06 06:00:00,2317.9
2050-10-06 07:00:00,19.1
2050-10-06 08:00:00,-677.73
2050-10-06 09:00:00,-1182.47
2050-10-06 10:00:00,-1664.93
2050-10-06 11:00:00,-1615.7
2050-10-06 12:00:00,-1453.88
2050-10-06 13:00:00,-1134.91
2050-10-06 14:00:00,-375.19
2050-10-06 15:00:00,865.3
2050-10-06 16:00:00,2569.24
2050-10-06 17:00:00,4189.54
2050-10-06 18:00:00,4179.72
2050-10-06 19:00:00,3668.59
2050-10-06 20:00:00,3650.68
2050-10-06 21:00:00,3161.52
2050-10-06 22:00:00,2599.3
2050-10-06 23:00:00,2291.59
2050-10-07 00:00:00,1833.59
2050-10-07 01:00:00,1934.02
2050-10-07 02:00:00,1755.0
2050-10-07 03:00:00,1479.14
2050-10-07 04:00:00,1569.61
2050-10-07 05:00:00,1582.54
2050-10-07 06:00:00,2282.96
2050-10-07 07:00:00,-483.98
2050-10-07 08:00:00,-1332.96
2050-10-07 09:00:00,-2023.16
2050-10-07 10:00:00,-2978.7
2050-10-07 11:00:00,-3021.22
2050-10-07 12:00:00,-2493.42
2050-10-07 13:00:00,-2765.05
2050-10-07 14:00:00,-1891.02
2050-10-07 15:00:00,-1771.42
2050-10-07 16:00:00,-237.78
2050-10-07 17:00:00,1308.53
2050-10-07 18:00:00,1027.85
2050-10-07 19:00:00,2297.46
2050-10-07 20:00:00,442.01
2050-10-07 21:00:00,277.14
2050-10-07 22:00:00,652.65
2050-10-07 23:00:00,199.15
2050-10-08 00:00:00,187.58
2050-10-08 01:00:00,84.15
2050-10-08 02:00:00,660.12
2050-10-08 03:00:00,244.43
2050-10-08 04:00:00,-1090.8
2050-10-08 05:00:00,-1008.87
2050-10-08 06:00:00,-905.19
2050-10-08 07:00:00,-1262.71
2050-10-08 08:00:00,-1189.63
2050-10-08 09:00:00,-1576.73
2050-10-08 10:00:00,-1834.2
2050-10-08 11:00:00,-622.47
2050-10-08 12:00:00,-64.1
2050-10-08 13:00:00,489.44
2050-10-08 14:00:00,679.39
2050-10-08 15:00:00,1553.3
2050-10-08 16:00:00,1860.8
2050-10-08 17:00:00,2401.55
2050-10-08 18:00:00,2372.49
2050-10-08 19:00:00,1262.13
2050-10-08 20:00:00,1720.97
2050-10-08 21:00:00,1400.93
2050-10-08 22:00:00,1387.81
2050-10-08 23:00:00,1166.87
2050-10-09 00:00:00,522.83
2050-10-09 01:00:00,305.0
2050-10-09 02:00:00,-141.05
2050-10-09 03:00:00,-460.32
2050-10-09 04:00:00,-936.71
2050-10-09 05:00:00,-1173.4
2050-10-09 06:00:00,-1724.99
2050-10-09 07:00:00,-1701.85
2050-10-09 08:00:00,-1229.47
2050-10-09 09:00:00,-1530.77
2050-10-09 10:00:00,-1812.33
2050-10-09 11:00:00,-2427.37
2050-10-09 12:00:00,-2332.75
2050-10-09 13:00:00,-2042.53
2050-10-09 14:00:00,-2137.65
2050-10-09 15:00:00,-2212.96
2050-10-09 16:00:00,-1685.65
2050-10-09 17:00:00,-1343.33
2050-10-09 18:00:00,-1121.75
2050-10-09 19:00:00,-1262.74
2050-10-09 20:00:00,-1479.65
2050-10-09 21:00:00,-1655.76
2050-10-09 22:00:00,-1974.79
2050-10-09 23:00:00,-2088.12
2050-10-10 00:00:00,-2560.23
2050-10-10 01:00:00,-2532.47
2050-10-10 02:00:00,-2788.8
2050-10-10 03:00:00,-2655.04
2050-10-10 04:00:00,-2481.34
2050-10-10 05:00:00,-1618.64
2050-10-10 06:00:00,-1841.71
2050-10-10 07:00:00,-2956.08
2050-10-10 08:00:00,-3946.16
2050-10-10 09:00:00,-4103.19
2050-10-10 10:00:00,-4220.07
2050-10-10 11:00:00,-4211.63
2050-10-10 12:00:00,-3883.51
2050-10-10 13:00:00,-3746.3
2050-10-10 14:00:00,-3204.72
2050-10-10 15:00:00,-2072.89
2050-10-10 16:00:00,-141.46
2050-10-10 17:00:00,1986.67
2050-10-10 18:00:00,2120.43
2050-10-10 19:00:00,1353.27
2050-10-10 20:00:00,1093.78
2050-10-10 21:00:00,313.15
2050-10-10 22:00:00,412.92
2050-10-10 23:00:00,1453.97
2050-10-11 00:00:00,-75.8
2050-10-11 01:00:00,-108.17
2050-10-11 02:00:00,-517.74
2050-10-11 03:00:00,-612.06
2050-10-11 04:00:00,-47.68
2050-10-11 05:00:00,374.49
2050-10-11 06:00:00,341.81
2050-10-11 07:00:00,-1637.1
2050-10-11 08:00:00,-2426.5
2050-10-11 09:00:00,-3102.96
2050-10-11 10:00:00,-4257.8
2050-10-11 11:00:00,-4327.65
2050-10-11 12:00:00,-3010.3
2050-10-11 13:00:00,-2613.91
2050-10-11 14:00:00,-1951.99
2050-10-11 15:00:00,-252.82
2050-10-11 16:00:00,1215.92
2050-10-11 17:00:00,2166.95
2050-10-11 18:00:00,2318.29
2050-10-11 19:00:00,3172.25
2050-10-11 20:00:00,2035.04
2050-10-11 21:00:00,1434.64
2050-10-11 22:00:00,1195.27
2050-10-11 23:00:00,1164.75
2050-10-12 00:00:00,500.17
2050-10-12 01:00:00,1188.29
2050-10-12 02:00:00,450.48
2050-10-12 03:00:00,-504.82
2050-10-12 04:00:00,-706.17
2050-10-12 05:00:00,-1412.47
2050-10-12 06:00:00,-869.59
2050-10-12 07:00:00,-3299.11
2050-10-12 08:00:00,-3149.94
2050-10-12 09:00:00,-4154.55
2050-10-12 10:00:00,-839.73
2050-10-12 11:00:00,-656.09
2050-10-12 12:00:00,331.19
2050-10-12 13:00:00,-559.72
2050-10-12 14:00:00,-1062.6
2050-10-12 15:00:00,266.3
2050-10-12 16:00:00,1314.33
2050-10-12 17:00:00,2555.71
2050-10-12 18:00:00,2229.2
2050-10-12 19:00:00,2498.4
2050-10-12 20:00:00,2326.49
2050-10-12 21:00:00,2158.33
2050-10-12 22:00:00,1705.97
2050-10-12 23:00:00,1120.85
2050-10-13 00:00:00,987.91
2050-10-13 01:00:00,1103.97
2050-10-13 02:00:00,407.25
2050-10-13 03:00:00,483.83
2050-10-13 04:00:00,1323.91
2050-10-13 05:00:00,1237.63
2050-10-13 06:00:00,1077.29
2050-10-13 07:00:00,795.21
2050-10-13 08:00:00,-1312.92
2050-10-13 09:00:00,-1054.1
2050-10-13 10:00:00,-1279.36
2050-10-13 11:00:00,-1976.11
2050-10-13 12:00:00,-2432.8
2050-10-13 13:00:00,507.54
2050-10-13 14:00:00,961.22
2050-10-13 15:00:00,1658.44
2050-10-13 16:00:00,2366.77
2050-10-13 17:00:00,2358.53
2050-10-13 18:00:00,3133.53
2050-10-13 19:00:00,2210.19
2050-10-13 20:00:00,2366.56
2050-10-13 21:00:00,2726.9
2050-10-13 22:00:00,2134.74
2050-10-13 23:00:00,1757.16
2050-10-14 00:00:00,2527.48
2050-10-14 01:00:00,1695.32
2050-10-14 02:00:00,815.74
2050-10-14 03:00:00,40.46
2050-10-14 04:00:00,550.13
2050-10-14 05:00:00,899.91
2050-10-14 06:00:00,1497.78
2050-10-14 07:00:00,-560.6
2050-10-14 08:00:00,-752.84
2050-10-14 09:00:00,-1159.5
2050-10-14 10:00:00,-1649.42
2050-10-14 11:00:00,-1850.29
2050-10-14 12:00:00,-1634.52
2050-10-14 13:00:00,-1099.42
2050-10-14 14:00:00,-464.45
2050-10-14 15:00:00,715.36
2050-10-14 16:00:00,2218.19
2050-10-14 17:00:00,3506.63
2050-10-14 18:00:00,3984.31
2050-10-14 19:00:00,3831.8
2050-10-14 20:00:00,4134.55
2050-10-14 21:00:00,3732.47
2050-10-14 22:00:00,3410.0
2050-10-14 23:00:00,2226.66
2050-10-15 00:00:00,2193.4
2050-10-15 01:00:00,1389.0
2050-10-15 02:00:00,1087.76
2050-10-15 03:00:00,1348.13
2050-10-15 04:00:00,1375.28
2050-10-15 05:00:00,1470.92
2050-10-15 06:00:00,1460.23
2050-10-15 07:00:00,-320.25
2050-10-15 08:00:00,-910.44
2050-10-15 09:00:00,-1621.26
2050-10-15 10:00:00,-2088.02
2050-10-15 11:00:00,-2216.0
2050-10-15 12:00:00,-2241.21
2050-10-15 13:00:00,-1980.95
2050-10-15 14:00:00,-1634.74
2050-10-15 15:00:00,-572.54
2050-10-15 16:00:00,709.78
2050-10-15 17:00:00,899.58
2050-10-15 18:00:00,961.21
2050-10-15 19:00:00,620.85
2050-10-15 20:00:00,227.32
2050-10-15 21:00:00,181.39
2050-10-15 22:00:00,-325.64
2050-10-15 23:00:00,-677.48
2050-10-16 00:00:00,-782.09
2050-10-16 01:00:00,-622.11
2050-10-16 02:00:00,58.35
2050-10-16 03:00:00,-709.05
2050-10-16 04:00:00,-1620.62
2050-10-16 05:00:00,-1095.88
2050-10-16 06:00:00,-1273.28
2050-10-16 07:00:00,-3314.59
2050-10-16 08:00:00,-3386.58
2050-10-16 09:00:00,-4122.69
2050-10-16 10:00:00,-4501.52
2050-10-16 11:00:00,-4250.19
2050-10-16 12:00:00,-3921.75
2050-10-16 13:00:00,-3473.7
2050-10-16 14:00:00,-2703.23
2050-10-16 15:00:00,-1588.16
2050-10-16 16:00:00,35.21
2050-10-16 17:00:00,-416.98
2050-10-16 18:00:00,68.84
2050-10-16 19:00:00,-31.62
2050-10-16 20:00:00,-1272.55
2050-10-16 21:00:00,-384.04
2050-10-16 22:00:00,-1399.87
2050-10-16 23:00:00,-1477.21
2050-10-17 00:00:00,-1327.59
2050-10-17 01:00:00,-982.21
2050-10-17 02:00:00,-1493.39
2050-10-17 03:00:00,-992.83
2050-10-17 04:00:00,-375.27
2050-10-17 05:00:00,-486.75
2050-10-17 06:00:00,-877.34
2050-10-17 07:00:00,-1178.27
2050-10-17 08:00:00,-3347.22
2050-10-17 09:00:00,-4675.72
2050-10-17 10:00:00,-6190.48
2050-10-17 11:00:00,-5249.28
2050-10-17 12:00:00,-4855.21
2050-10-17 13:00:00,-4263.58
2050-10-17 14:00:00,-3864.22
2050-10-17 15:00:00,-2635.42
2050-10-17 16:00:00,-1097.92
2050-10-17 17:00:00,-655.79
2050-10-17 18:00:00,-219.99
2050-10-17 19:00:00,-552.4
2050-10-17 20:00:00,-283.73
2050-10-17 21:00:00,-275.24
2050-10-17 22:00:00,696.46
2050-10-17 23:00:00,118.97
2050-10-18 00:00:00,-708.89
2050-10-18 01:00:00,-798.16
2050-10-18 02:00:00,-585.21
2050-10-18 03:00:00,-782.89
2050-10-18 04:00:00,-607.16
2050-10-18 05:00:00,-390.02
2050-10-18 06:00:00,35.81
2050-10-18 07:00:00,-1754.49
2050-10-18 08:00:00,-2213.84
2050-10-18 09:00:00,-2601.93
2050-10-18 10:00:00,-3666.53
2050-10-18 11:00:00,-3658.85
2050-10-18 12:00:00,-3781.56
2050-10-18 13:00:00,-3304.14
2050-10-18 14:00:00,-3226.73
2050-10-18 15:00:00,-2256.55
2050-10-18 16:00:00,-685.73
2050-10-18 17:00:00,-44.37
2050-10-18 18:00:00,529.35
2050-10-18 19:00:00,961.99
2050-10-18 20:00:00,819.95
2050-10-18 21:00:00,1262.24
2050-10-18 22:00:00,1780.23
2050-10-18 23:00:00,2205.08
2050-10-19 00:00:00,1837.3
2050-10-19 01:00:00,1575.11
2050-10-19 02:00:00,1529.77
2050-10-19 03:00:00,1290.71
2050-10-19 04:00:00,1370.37
2050-10-19 05:00:00,1389.67
2050-10-19 06:00:00,1629.49
2050-10-19 07:00:00,-58.03
2050-10-19 08:00:00,1044.32
2050-10-19 09:00:00,1516.34
2050-10-19 10:00:00,879.62
2050-10-19 11:00:00,418.52
2050-10-19 12:00:00,-1608.13
2050-10-19 13:00:00,-1039.74
2050-10-19 14:00:00,-124.65
2050-10-19 15:00:00,856.54
2050-10-19 16:00:00,1992.8
2050-10-19 17:00:00,2557.79
2050-10-19 18:00:00,2508.79
2050-10-19 19:00:00,2907.78
2050-10-19 20:00:00,2414.37
2050-10-19 21:00:00,1828.74
2050-10-19 22:00:00,-55.75
2050-10-19 23:00:00,56.6
2050-10-20 00:00:00,-250.62
2050-10-20 01:00:00,-103.25
2050-10-20 02:00:00,-67.69
2050-10-20 03:00:00,-50.07
2050-10-20 04:00:00,394.72
2050-10-20 05:00:00,86.15
2050-10-20 06:00:00,394.2
2050-10-20 07:00:00,-588.09
2050-10-20 08:00:00,-4091.33
2050-10-20 09:00:00,-3591.23
2050-10-20 10:00:00,-3665.19
2050-10-20 11:00:00,-1963.14
2050-10-20 12:00:00,-466.45
2050-10-20 13:00:00,1035.38
2050-10-20 14:00:00,1270.12
2050-10-20 15:00:00,1027.2
2050-10-20 16:00:00,1660.13
2050-10-20 17:00:00,1500.96
2050-10-20 18:00:00,2065.99
2050-10-20 19:00:00,1781.41
2050-10-20 20:00:00,1661.65
2050-10-20 21:00:00,1814.14
2050-10-20 22:00:00,892.5
2050-10-20 23:00:00,731.68
2050-10-21 00:00:00,524.95
2050-10-21 01:00:00,848.42
2050-10-21 02:00:00,1248.78
2050-10-21 03:00:00,315.53
2050-10-21 04:00:00,915.25
2050-10-21 05:00:00,1107.03
2050-10-21 06:00:00,1100.65
2050-10-21 07:00:00,1678.21
2050-10-21 08:00:00,1478.37
2050-10-21 09:00:00,-656.56
2050-10-21 10:00:00,-203.49
2050-10-21 11:00:00,576.56
2050-10-21 12:00:00,845.7
2050-10-21 13:00:00,-46.2
2050-10-21 14:00:00,1207.48
2050-10-21 15:00:00,144.81
2050-10-21 16:00:00,1367.23
2050-10-21 17:00:00,1871.69
2050-10-21 18:00:00,1528.47
2050-10-21 19:00:00,1702.34
2050-10-21 20:00:00,1953.36
2050-10-21 21:00:00,1356.62
2050-10-21 22:00:00,1250.35
2050-10-21 23:00:00,1243.56
2050-10-22 00:00:00,1144.38
2050-10-22 01:00:00,557.53
2050-10-22 02:00:00,1433.24
2050-10-22 03:00:00,1626.38
2050-10-22 04:00:00,1925.87
2050-10-22 05:00:00,2332.01
2050-10-22 06:00:00,2097.09
2050-10-22 07:00:00,1682.07
2050-10-22 08:00:00,1948.15
2050-10-22 09:00:00,2177.21
2050-10-22 10:00:00,1549.49
2050-10-22 11:00:00,841.85
2050-10-22 12:00:00,1203.55
2050-10-22 13:00:00,713.55
2050-10-22 14:00:00,850.48
2050-10-22 15:00:00,138.74
2050-10-22 16:00:00,20.85
2050-10-22 17:00:00,438.77
2050-10-22 18:00:00,1170.1
2050-10-22 19:00:00,419.58
2050-10-22 20:00:00,762.49
2050-10-22 21:00:00,1167.47
2050-10-22 22:00:00,1150.32
2050-10-22 23:00:00,1065.71
2050-10-23 00:00:00,257.09
2050-10-23 01:00:00,809.86
2050-10-23 02:00:00,867.25
2050-10-23 03:00:00,-220.44
2050-10-23 04:00:00,103.45
2050-10-23 05:00:00,369.84
2050-10-23 06:00:00,722.41
2050-10-23 07:00:00,-1890.4
2050-10-23 08:00:00,-2784.45
2050-10-23 09:00:00,-3543.58
2050-10-23 10:00:00,-3876.65
2050-10-23 11:00:00,-3965.8
2050-10-23 12:00:00,-3768.05
2050-10-23 13:00:00,-3601.37
2050-10-23 14:00:00,-2702.9
2050-10-23 15:00:00,-1495.48
2050-10-23 16:00:00,377.34
2050-10-23 17:00:00,1352.46
2050-10-23 18:00:00,1331.48
2050-10-23 19:00:00,1271.52
2050-10-23 20:00:00,940.43
2050-10-23 21:00:00,1040.83
2050-10-23 22:00:00,615.41
2050-10-23 23:00:00,525.95
2050-10-24 00:00:00,481.46
2050-10-24 01:00:00,613.2
2050-10-24 02:00:00,-305.62
2050-10-24 03:00:00,-346.1
2050-10-24 04:00:00,-862.91
2050-10-24 05:00:00,-146.93
2050-10-24 06:00:00,31.47
2050-10-24 07:00:00,-2020.63
2050-10-24 08:00:00,-2514.04
2050-10-24 09:00:00,-3290.35
2050-10-24 10:00:00,-1306.56
2050-10-24 11:00:00,-1071.19
2050-10-24 12:00:00,-312.36
2050-10-24 13:00:00,388.49
2050-10-24 14:00:00,-2153.72
2050-10-24 15:00:00,-2084.73
2050-10-24 16:00:00,978.39
2050-10-24 17:00:00,1132.64
2050-10-24 18:00:00,759.21
2050-10-24 19:00:00,1028.51
2050-10-24 20:00:00,342.63
2050-10-24 21:00:00,803.84
2050-10-24 22:00:00,-137.55
2050-10-24 23:00:00,-4.87
2050-10-25 00:00:00,-161.08
2050-10-25 01:00:00,396.19
2050-10-25 02:00:00,665.79
2050-10-25 03:00:00,792.45
2050-10-25 04:00:00,982.06
2050-10-25 05:00:00,574.4
2050-10-25 06:00:00,274.06
2050-10-25 07:00:00,-2309.79
2050-10-25 08:00:00,-2445.62
2050-10-25 09:00:00,-3387.84
2050-10-25 10:00:00,-3564.24
2050-10-25 11:00:00,-1917.77
2050-10-25 12:00:00,-2714.93
2050-10-25 13:00:00,-172.04
2050-10-25 14:00:00,-146.63
2050-10-25 15:00:00,350.18
2050-10-25 16:00:00,2977.93
2050-10-25 17:00:00,3285.37
2050-10-25 18:00:00,2722.75
2050-10-25 19:00:00,1457.97
2050-10-25 20:00:00,93.85
2050-10-25 21:00:00,174.62
2050-10-25 22:00:00,244.4
2050-10-25 23:00:00,80.98
2050-10-26 00:00:00,-702.03
2050-10-26 01:00:00,-157.87
2050-10-26 02:00:00,162.09
2050-10-26 03:00:00,211.41
2050-10-26 04:00:00,128.23
2050-10-26 05:00:00,-204.44
2050-10-26 06:00:00,662.26
2050-10-26 07:00:00,-132.02
2050-10-26 08:00:00,-2370.58
2050-10-26 09:00:00,-2858.01
2050-10-26 10:00:00,-2352.02
2050-10-26 11:00:00,-2309.36
2050-10-26 12:00:00,-2324.67
2050-10-26 13:00:00,-1417.62
2050-10-26 14:00:00,529.57
2050-10-26 15:00:00,2730.79
2050-10-26 16:00:00,3778.75
2050-10-26 17:00:00,3739.03
2050-10-26 18:00:00,4008.03
2050-10-26 19:00:00,3285.69
2050-10-26 20:00:00,2757.2
2050-10-26 21:00:00,1869.71
2050-10-26 22:00:00,1920.95
2050-10-26 23:00:00,1388.78
2050-10-27 00:00:00,1078.76
2050-10-27 01:00:00,348.4
2050-10-27 02:00:00,-175.95
2050-10-27 03:00:00,-881.57
2050-10-27 04:00:00,-2208.8
2050-10-27 05:00:00,-2015.64
2050-10-27 06:00:00,-3133.17
2050-10-27 07:00:00,-3287.76
2050-10-27 08:00:00,-3209.48
2050-10-27 09:00:00,-3261.13
2050-10-27 10:00:00,-3148.51
2050-10-27 11:00:00,-2270.78
2050-10-27 12:00:00,-1770.8
2050-10-27 13:00:00,-1392.54
2050-10-27 14:00:00,-1551.85
2050-10-27 15:00:00,1196.11
2050-10-27 16:00:00,1756.86
2050-10-27 17:00:00,1207.05
2050-10-27 18:00:00,1726.26
2050-10-27 19:00:00,1432.64
2050-10-27 20:00:00,1085.84
2050-10-27 21:00:00,657.52
2050-10-27 22:00:00,-13.2
2050-10-27 23:00:00,-20.48
2050-10-28 00:00:00,-306.93
2050-10-28 01:00:00,-464.1
2050-10-28 02:00:00,-589.2
2050-10-28 03:00:00,-1161.02
2050-10-28 04:00:00,-954.1
2050-10-28 05:00:00,-906.61
2050-10-28 06:00:00,-900.56
2050-10-28 07:00:00,-3133.56
2050-10-28 08:00:00,-3551.62
2050-10-28 09:00:00,-3420.89
2050-10-28 10:00:00,-3448.43
2050-10-28 11:00:00,-1603.42
2050-10-28 12:00:00,-1606.59
2050-10-28 13:00:00,-1339.7
2050-10-28 14:00:00,-1381.06
2050-10-28 15:00:00,-1562.5
2050-10-28 16:00:00,339.62
2050-10-28 17:00:00,1459.66
2050-10-28 18:00:00,1304.98
2050-10-28 19:00:00,1222.13
2050-10-28 20:00:00,726.66
2050-10-28 21:00:00,-70.42
2050-10-28 22:00:00,-160.89
2050-10-28 23:00:00,-226.97
2050-10-29 00:00:00,203.86
2050-10-29 01:00:00,-305.5
2050-10-29 02:00:00,230.95
2050-10-29 03:00:00,-593.8
2050-10-29 04:00:00,-932.28
2050-10-29 05:00:00,-20.48
2050-10-29 06:00:00,495.95
2050-10-29 07:00:00,-142.46
2050-10-29 08:00:00,-2445.32
2050-10-29 09:00:00,-2377.89
2050-10-29 10:00:00,-3384.27
2050-10-29 11:00:00,-4402.88
2050-10-29 12:00:00,-6388.02
2050-10-29 13:00:00,-4795.52
2050-10-29 14:00:00,-4836.81
2050-10-29 15:00:00,-3096.01
2050-10-29 16:00:00,-2378.84
2050-10-29 17:00:00,-2125.99
2050-10-29 18:00:00,-1584.68
2050-10-29 19:00:00,-1256.5
2050-10-29 20:00:00,-1082.62
2050-10-29 21:00:00,-1077.65
2050-10-29 22:00:00,-1241.98
2050-10-29 23:00:00,-1475.8
2050-10-30 00:00:00,-1626.51
2050-10-30 01:00:00,-1558.79
2050-10-30 02:00:00,-929.75
2050-10-30 03:00:00,-1406.03
2050-10-30 04:00:00,-1419.82
2050-10-30 05:00:00,-832.77
2050-10-30 06:00:00,-968.95
2050-10-30 07:00:00,-3112.79
2050-10-30 08:00:00,-2413.72
2050-10-30 09:00:00,-2845.25
2050-10-30 10:00:00,-4667.49
2050-10-30 11:00:00,-4637.44
2050-10-30 12:00:00,-3967.61
2050-10-30 13:00:00,-3050.19
2050-10-30 14:00:00,-3269.78
2050-10-30 15:00:00,-832.01
2050-10-30 16:00:00,-215.84
2050-10-30 17:00:00,951.93
2050-10-30 18:00:00,1457.95
2050-10-30 19:00:00,1381.43
2050-10-30 20:00:00,1591.31
2050-10-30 21:00:00,1581.05
2050-10-30 22:00:00,1401.1
2050-10-30 23:00:00,1809.84
2050-10-31 00:00:00,1011.73
2050-10-31 01:00:00,1486.41
2050-10-31 02:00:00,839.06
2050-10-31 03:00:00,79.89
2050-10-31 04:00:00,398.69
2050-10-31 05:00:00,993.12
2050-10-31 06:00:00,1643.88
2050-10-31 07:00:00,-489.44
2050-10-31 08:00:00,-1716.06
2050-10-31 09:00:00,-2115.91
2050-10-31 10:00:00,-2530.66
2050-10-31 11:00:00,-2821.63
2050-10-31 12:00:00,-3226.21
2050-10-31 13:00:00,-2678.08
2050-10-31 14:00:00,-1823.86
2050-10-31 15:00:00,-1037.55
2050-10-31 16:00:00,637.08
2050-10-31 17:00:00,906.32
2050-10-31 18:00:00,995.25
2050-10-31 19:00:00,1102.27
2050-10-31 20:00:00,787.36
2050-10-31 21:00:00,481.57
2050-10-31 22:00:00,380.73
2050-10-31 23:00:00,-30.05
2050-11-01 00:00:00,-375.9
2050-11-01 01:00:00,575.89
2050-11-01 02:00:00,1445.74
2050-11-01 03:00:00,1341.15
2050-11-01 04:00:00,925.42
2050-11-01 05:00:00,1619.1
2050-11-01 06:00:00,1328.62
2050-11-01 07:00:00,-1550.17
2050-11-01 08:00:00,-2683.46
2050-11-01 09:00:00,-2855.56
2050-11-01 10:00:00,-3056.59
2050-11-01 11:00:00,-3106.1
2050-11-01 12:00:00,-3716.55
2050-11-01 13:00:00,-2898.09
2050-11-01 14:00:00,-2487.86
2050-11-01 15:00:00,-1517.67
2050-11-01 16:00:00,708.21
2050-11-01 17:00:00,735.36
2050-11-01 18:00:00,1157.02
2050-11-01 19:00:00,1255.15
2050-11-01 20:00:00,325.12
2050-11-01 21:00:00,22.3
2050-11-01 22:00:00,-63.59
2050-11-01 23:00:00,-207.9
2050-11-02 00:00:00,61.27
2050-11-02 01:00:00,526.38
2050-11-02 02:00:00,351.33
2050-11-02 03:00:00,509.3
2050-11-02 04:00:00,370.4
2050-11-02 05:00:00,657.55
2050-11-02 06:00:00,808.39
2050-11-02 07:00:00,-1377.37
2050-11-02 08:00:00,-2384.01
2050-11-02 09:00:00,-2967.76
2050-11-02 10:00:00,-1594.88
2050-11-02 11:00:00,-1128.23
2050-11-02 12:00:00,-3181.44
2050-11-02 13:00:00,-2361.63
2050-11-02 14:00:00,-1734.48
2050-11-02 15:00:00,-746.21
2050-11-02 16:00:00,1459.79
2050-11-02 17:00:00,2321.55
2050-11-02 18:00:00,2857.86
2050-11-02 19:00:00,3212.19
2050-11-02 20:00:00,3525.23
2050-11-02 21:00:00,3051.84
2050-11-02 22:00:00,1785.76
2050-11-02 23:00:00,1265.87
2050-11-03 00:00:00,800.06
2050-11-03 01:00:00,707.56
2050-11-03 02:00:00,610.93
2050-11-03 03:00:00,1186.89
2050-11-03 04:00:00,2042.03
2050-11-03 05:00:00,2205.57
2050-11-03 06:00:00,2453.34
2050-11-03 07:00:00,-627.47
2050-11-03 08:00:00,-1837.5
2050-11-03 09:00:00,-2555.79
2050-11-03 10:00:00,-3683.85
2050-11-03 11:00:00,-4009.85
2050-11-03 12:00:00,-4360.93
2050-11-03 13:00:00,-3862.39
2050-11-03 14:00:00,-2921.64
2050-11-03 15:00:00,-1712.85
2050-11-03 16:00:00,146.56
2050-11-03 17:00:00,374.42
2050-11-03 18:00:00,821.12
2050-11-03 19:00:00,846.58
2050-11-03 20:00:00,895.86
2050-11-03 21:00:00,1426.82
2050-11-03 22:00:00,2042.74
2050-11-03 23:00:00,2474.98
2050-11-04 00:00:00,2225.13
2050-11-04 01:00:00,2203.87
2050-11-04 02:00:00,1836.23
2050-11-04 03:00:00,1964.73
2050-11-04 04:00:00,1754.92
2050-11-04 05:00:00,1542.38
2050-11-04 06:00:00,2356.25
2050-11-04 07:00:00,2629.53
2050-11-04 08:00:00,2692.24
2050-11-04 09:00:00,2783.91
2050-11-04 10:00:00,2629.17
2050-11-04 11:00:00,2458.8
2050-11-04 12:00:00,2862.96
2050-11-04 13:00:00,2658.97
2050-11-04 14:00:00,2861.11
2050-11-04 15:00:00,3114.95
2050-11-04 16:00:00,3407.98
2050-11-04 17:00:00,3314.21
2050-11-04 18:00:00,3553.87
2050-11-04 19:00:00,3326.81
2050-11-04 20:00:00,2806.46
2050-11-04 21:00:00,2284.42
2050-11-04 22:00:00,2499.66
2050-11-04 23:00:00,1847.65
2050-11-05 00:00:00,1459.48
2050-11-05 01:00:00,1884.46
2050-11-05 02:00:00,1743.56
2050-11-05 03:00:00,1730.58
2050-11-05 04:00:00,1327.72
2050-11-05 05:00:00,1638.34
2050-11-05 06:00:00,1668.0
2050-11-05 07:00:00,1738.67
2050-11-05 08:00:00,1830.83
2050-11-05 09:00:00,1115.98
2050-11-05 10:00:00,1304.08
2050-11-05 11:00:00,-61.7
2050-11-05 12:00:00,46.53
2050-11-05 13:00:00,146.61
2050-11-05 14:00:00,387.26
2050-11-05 15:00:00,1064.44
2050-11-05 16:00:00,1216.37
2050-11-05 17:00:00,2486.05
2050-11-05 18:00:00,1985.45
2050-11-05 19:00:00,1455.8
2050-11-05 20:00:00,1301.6
2050-11-05 21:00:00,1197.5
2050-11-05 22:00:00,1281.87
2050-11-05 23:00:00,1316.41
2050-11-06 00:00:00,1000.33
2050-11-06 01:00:00,1050.76
2050-11-06 02:00:00,1308.34
2050-11-06 03:00:00,1622.5
2050-11-06 04:00:00,1882.26
2050-11-06 05:00:00,2179.98
2050-11-06 06:00:00,1836.61
2050-11-06 07:00:00,1159.02
2050-11-06 08:00:00,-226.13
2050-11-06 09:00:00,-2499.08
2050-11-06 10:00:00,-3437.46
2050-11-06 11:00:00,-2593.21
2050-11-06 12:00:00,-2518.31
2050-11-06 13:00:00,-2822.08
2050-11-06 14:00:00,-1678.2
2050-11-06 15:00:00,58.21
2050-11-06 16:00:00,1239.71
2050-11-06 17:00:00,1430.11
2050-11-06 18:00:00,1578.69
2050-11-06 19:00:00,1199.65
2050-11-06 20:00:00,766.8
2050-11-06 21:00:00,830.24
2050-11-06 22:00:00,728.77
2050-11-06 23:00:00,26.05
2050-11-07 00:00:00,508.75
2050-11-07 01:00:00,886.46
2050-11-07 02:00:00,614.4
2050-11-07 03:00:00,22.85
2050-11-07 04:00:00,-426.43
2050-11-07 05:00:00,-457.86
2050-11-07 06:00:00,381.05
2050-11-07 07:00:00,410.16
2050-11-07 08:00:00,-2105.09
2050-11-07 09:00:00,-2854.78
2050-11-07 10:00:00,-3065.54
2050-11-07 11:00:00,-2786.65
2050-11-07 12:00:00,-2676.98
2050-11-07 13:00:00,-2231.04
2050-11-07 14:00:00,-1719.69
2050-11-07 15:00:00,-527.06
2050-11-07 16:00:00,1430.97
2050-11-07 17:00:00,1909.96
2050-11-07 18:00:00,1903.8
2050-11-07 19:00:00,1335.83
2050-11-07 20:00:00,768.57
2050-11-07 21:00:00,392.64
2050-11-07 22:00:00,428.34
2050-11-07 23:00:00,-579.73
2050-11-08 00:00:00,-1036.09
2050-11-08 01:00:00,-1268.03
2050-11-08 02:00:00,-1162.16
2050-11-08 03:00:00,-1356.54
2050-11-08 04:00:00,-1439.45
2050-11-08 05:00:00,-1033.66
2050-11-08 06:00:00,-546.1
2050-11-08 07:00:00,678.95
2050-11-08 08:00:00,-548.13
2050-11-08 09:00:00,599.88
2050-11-08 10:00:00,739.73
2050-11-08 11:00:00,103.94
2050-11-08 12:00:00,915.3
2050-11-08 13:00:00,1603.3
2050-11-08 14:00:00,2861.42
2050-11-08 15:00:00,3737.91
2050-11-08 16:00:00,4332.32
2050-11-08 17:00:00,4697.44
2050-11-08 18:00:00,5196.03
2050-11-08 19:00:00,5262.62
2050-11-08 20:00:00,4898.88
2050-11-08 21:00:00,4354.37
2050-11-08 22:00:00,4237.66
2050-11-08 23:00:00,3975.22
2050-11-09 00:00:00,3660.1
2050-11-09 01:00:00,3625.76
2050-11-09 02:00:00,3339.0
2050-11-09 03:00:00,3214.5
2050-11-09 04:00:00,3110.32
2050-11-09 05:00:00,3159.62
2050-11-09 06:00:00,3461.29
2050-11-09 07:00:00,667.56
2050-11-09 08:00:00,446.12
2050-11-09 09:00:00,-275.94
2050-11-09 10:00:00,-850.44
2050-11-09 11:00:00,614.05
2050-11-09 12:00:00,-763.43
2050-11-09 13:00:00,-530.22
2050-11-09 14:00:00,348.5
2050-11-09 15:00:00,1648.06
2050-11-09 16:00:00,3495.12
2050-11-09 17:00:00,3938.25
2050-11-09 18:00:00,4163.52
2050-11-09 19:00:00,3920.5
2050-11-09 20:00:00,4073.31
2050-11-09 21:00:00,3784.7
2050-11-09 22:00:00,2927.9
2050-11-09 23:00:00,2744.22
2050-11-10 00:00:00,2768.52
2050-11-10 01:00:00,2308.3
2050-11-10 02:00:00,1826.55
2050-11-10 03:00:00,2070.59
2050-11-10 04:00:00,1258.55
2050-11-10 05:00:00,639.43
2050-11-10 06:00:00,560.83
2050-11-10 07:00:00,-369.57
2050-11-10 08:00:00,-715.11
2050-11-10 09:00:00,-611.68
2050-11-10 10:00:00,-2119.93
2050-11-10 11:00:00,-1343.14
2050-11-10 12:00:00,-4663.39
2050-11-10 13:00:00,-5847.11
2050-11-10 14:00:00,-4115.88
2050-11-10 15:00:00,-2253.35
2050-11-10 16:00:00,-2132.02
2050-11-10 17:00:00,-1154.61
2050-11-10 18:00:00,-234.32
2050-11-10 19:00:00,-517.14
2050-11-10 20:00:00,-250.16
2050-11-10 21:00:00,-146.78
2050-11-10 22:00:00,-756.7
2050-11-10 23:00:00,-965.24
2050-11-11 00:00:00,-263.61
2050-11-11 01:00:00,-382.15
2050-11-11 02:00:00,177.92
2050-11-11 03:00:00,-60.19
2050-11-11 04:00:00,57.93
2050-11-11 05:00:00,409.38
2050-11-11 06:00:00,704.55
2050-11-11 07:00:00,-2615.36
2050-11-11 08:00:00,-3037.15
2050-11-11 09:00:00,-3128.49
2050-11-11 10:00:00,-3502.94
2050-11-11 11:00:00,-4082.48
2050-11-11 12:00:00,-4028.84
2050-11-11 13:00:00,-3328.54
2050-11-11 14:00:00,-2707.55
2050-11-11 15:00:00,-1780.37
2050-11-11 16:00:00,-347.95
2050-11-11 17:00:00,417.21
2050-11-11 18:00:00,445.5
2050-11-11 19:00:00,96.64
2050-11-11 20:00:00,-564.63
2050-11-11 21:00:00,-400.51
2050-11-11 22:00:00,-800.82
2050-11-11 23:00:00,-1065.95
2050-11-12 00:00:00,-703.0
2050-11-12 01:00:00,39.67
2050-11-12 02:00:00,-1041.66
2050-11-12 03:00:00,-272.66
2050-11-12 04:00:00,61.41
2050-11-12 05:00:00,516.34
2050-11-12 06:00:00,760.79
2050-11-12 07:00:00,-2434.68
2050-11-12 08:00:00,-2997.91
2050-11-12 09:00:00,-4442.8
2050-11-12 10:00:00,-4429.58
2050-11-12 11:00:00,-4698.43
2050-11-12 12:00:00,-4907.92
2050-11-12 13:00:00,-3224.74
2050-11-12 14:00:00,-2606.78
2050-11-12 15:00:00,-459.25
2050-11-12 16:00:00,1613.86
2050-11-12 17:00:00,2079.23
2050-11-12 18:00:00,2119.2
2050-11-12 19:00:00,2118.79
2050-11-12 20:00:00,2256.48
2050-11-12 21:00:00,2795.59
2050-11-12 22:00:00,2846.2
2050-11-12 23:00:00,2773.83
2050-11-13 00:00:00,2553.44
2050-11-13 01:00:00,2286.48
2050-11-13 02:00:00,903.68
2050-11-13 03:00:00,-522.27
2050-11-13 04:00:00,177.96
2050-11-13 05:00:00,345.66
2050-11-13 06:00:00,-227.29
2050-11-13 07:00:00,-3111.42
2050-11-13 08:00:00,-3340.73
2050-11-13 09:00:00,-4298.87
2050-11-13 10:00:00,-4231.83
2050-11-13 11:00:00,-5322.39
2050-11-13 12:00:00,-4961.61
2050-11-13 13:00:00,-3820.49
2050-11-13 14:00:00,-3449.54
2050-11-13 15:00:00,-3434.5
2050-11-13 16:00:00,-2204.35
2050-11-13 17:00:00,-1570.52
2050-11-13 18:00:00,-1046.76
2050-11-13 19:00:00,-1175.69
2050-11-13 20:00:00,-907.37
2050-11-13 21:00:00,-1309.15
2050-11-13 22:00:00,-1595.14
2050-11-13 23:00:00,-1650.33
2050-11-14 00:00:00,-2140.31
2050-11-14 01:00:00,-1965.04
2050-11-14 02:00:00,-2325.83
2050-11-14 03:00:00,-1933.29
2050-11-14 04:00:00,-1837.81
2050-11-14 05:00:00,-1258.0
2050-11-14 06:00:00,-566.31
2050-11-14 07:00:00,-4179.18
2050-11-14 08:00:00,-4136.44
2050-11-14 09:00:00,-3394.23
2050-11-14 10:00:00,-2386.36
2050-11-14 11:00:00,-3112.64
2050-11-14 12:00:00,-3068.18
2050-11-14 13:00:00,-2423.13
2050-11-14 14:00:00,-1968.8
2050-11-14 15:00:00,-632.99
2050-11-14 16:00:00,1361.82
2050-11-14 17:00:00,1771.33
2050-11-14 18:00:00,2112.58
2050-11-14 19:00:00,1835.09
2050-11-14 20:00:00,1685.3
2050-11-14 21:00:00,2002.68
2050-11-14 22:00:00,1994.61
2050-11-14 23:00:00,2269.16
2050-11-15 00:00:00,1997.08
2050-11-15 01:00:00,2308.65
2050-11-15 02:00:00,2084.33
2050-11-15 03:00:00,2132.45
2050-11-15 04:00:00,1792.96
2050-11-15 05:00:00,1984.73
2050-11-15 06:00:00,2213.69
2050-11-15 07:00:00,1189.27
2050-11-15 08:00:00,591.6
2050-11-15 09:00:00,566.48
2050-11-15 10:00:00,203.6
2050-11-15 11:00:00,-1061.64
2050-11-15 12:00:00,-386.87
2050-11-15 13:00:00,-958.39
2050-11-15 14:00:00,-1520.13
2050-11-15 15:00:00,-798.63
2050-11-15 16:00:00,-392.48
2050-11-15 17:00:00,-1236.5
2050-11-15 18:00:00,-1670.57
2050-11-15 19:00:00,-1565.88
2050-11-15 20:00:00,-1527.21
2050-11-15 21:00:00,-1610.37
2050-11-15 22:00:00,-1846.32
2050-11-15 23:00:00,-2137.77
2050-11-16 00:00:00,-2455.8
2050-11-16 01:00:00,-2578.48
2050-11-16 02:00:00,-2786.68
2050-11-16 03:00:00,-2885.47
2050-11-16 04:00:00,-2955.86
2050-11-16 05:00:00,-2926.19
2050-11-16 06:00:00,-2825.74
2050-11-16 07:00:00,-2228.38
2050-11-16 08:00:00,-2880.65
2050-11-16 09:00:00,-2581.62
2050-11-16 10:00:00,-3014.45
2050-11-16 11:00:00,-2894.55
2050-11-16 12:00:00,-2367.02
2050-11-16 13:00:00,-1819.44
2050-11-16 14:00:00,-1363.15
2050-11-16 15:00:00,-469.46
2050-11-16 16:00:00,-1007.53
2050-11-16 17:00:00,-697.31
2050-11-16 18:00:00,-809.82
2050-11-16 19:00:00,-481.14
2050-11-16 20:00:00,-345.94
2050-11-16 21:00:00,-1018.42
2050-11-16 22:00:00,-953.33
2050-11-16 23:00:00,-1482.48
2050-11-17 00:00:00,-1816.0
2050-11-17 01:00:00,-2297.19
2050-11-17 02:00:00,-2578.02
2050-11-17 03:00:00,-2571.52
2050-11-17 04:00:00,-2862.42
2050-11-17 05:00:00,-2426.06
2050-11-17 06:00:00,-2128.41
2050-11-17 07:00:00,-6044.61
2050-11-17 08:00:00,-5133.67
2050-11-17 09:00:00,-5065.24
2050-11-17 10:00:00,-2321.1
2050-11-17 11:00:00,-2241.72
2050-11-17 12:00:00,-4811.15
2050-11-17 13:00:00,-1731.51
2050-11-17 14:00:00,-3996.02
2050-11-17 15:00:00,-2973.99
2050-11-17 16:00:00,-1351.7
2050-11-17 17:00:00,-1276.81
2050-11-17 18:00:00,-1114.49
2050-11-17 19:00:00,-865.31
2050-11-17 20:00:00,-663.45
2050-11-17 21:00:00,-721.52
2050-11-17 22:00:00,-723.75
2050-11-17 23:00:00,-826.38
2050-11-18 00:00:00,-714.26
2050-11-18 01:00:00,-1291.58
2050-11-18 02:00:00,-640.01
2050-11-18 03:00:00,-804.71
2050-11-18 04:00:00,-322.33
2050-11-18 05:00:00,358.68
2050-11-18 06:00:00,792.89
2050-11-18 07:00:00,-3725.68
2050-11-18 08:00:00,-1670.13
2050-11-18 09:00:00,-2582.12
2050-11-18 10:00:00,-3023.71
2050-11-18 11:00:00,-3744.38
2050-11-18 12:00:00,-2691.01
2050-11-18 13:00:00,-2870.78
2050-11-18 14:00:00,-1806.46
2050-11-18 15:00:00,-706.99
2050-11-18 16:00:00,-599.24
2050-11-18 17:00:00,-373.02
2050-11-18 18:00:00,486.7
2050-11-18 19:00:00,494.6
2050-11-18 20:00:00,448.09
2050-11-18 21:00:00,616.62
2050-11-18 22:00:00,356.34
2050-11-18 23:00:00,711.1
2050-11-19 00:00:00,170.65
2050-11-19 01:00:00,-4.86
2050-11-19 02:00:00,837.62
2050-11-19 03:00:00,972.01
2050-11-19 04:00:00,698.92
2050-11-19 05:00:00,950.18
2050-11-19 06:00:00,1599.39
2050-11-19 07:00:00,-2626.59
2050-11-19 08:00:00,-2822.73
2050-11-19 09:00:00,-2114.62
2050-11-19 10:00:00,-2519.68
2050-11-19 11:00:00,-1845.86
2050-11-19 12:00:00,-2030.8
2050-11-19 13:00:00,-1247.22
2050-11-19 14:00:00,-1200.72
2050-11-19 15:00:00,-2171.77
2050-11-19 16:00:00,-468.72
2050-11-19 17:00:00,509.07
2050-11-19 18:00:00,1163.36
2050-11-19 19:00:00,953.82
2050-11-19 20:00:00,1047.8
2050-11-19 21:00:00,427.22
2050-11-19 22:00:00,-686.37
2050-11-19 23:00:00,-339.15
2050-11-20 00:00:00,-1247.36
2050-11-20 01:00:00,-1366.09
2050-11-20 02:00:00,-1310.31
2050-11-20 03:00:00,-1089.14
2050-11-20 04:00:00,-1228.76
2050-11-20 05:00:00,-1593.03
2050-11-20 06:00:00,-1688.33
2050-11-20 07:00:00,-2190.44
2050-11-20 08:00:00,-2753.29
2050-11-20 09:00:00,-3715.03
2050-11-20 10:00:00,-4078.06
2050-11-20 11:00:00,-3845.29
2050-11-20 12:00:00,-4053.94
2050-11-20 13:00:00,-3653.27
2050-11-20 14:00:00,-2834.48
2050-11-20 15:00:00,-2616.68
2050-11-20 16:00:00,-1357.28
2050-11-20 17:00:00,-896.6
2050-11-20 18:00:00,-866.56
2050-11-20 19:00:00,-662.15
2050-11-20 20:00:00,-691.5
2050-11-20 21:00:00,-770.48
2050-11-20 22:00:00,-862.12
2050-11-20 23:00:00,-802.8
2050-11-21 00:00:00,-834.29
2050-11-21 01:00:00,-720.77
2050-11-21 02:00:00,-903.25
2050-11-21 03:00:00,-874.91
2050-11-21 04:00:00,-4.72
2050-11-21 05:00:00,516.33
2050-11-21 06:00:00,1089.72
2050-11-21 07:00:00,-4281.67
2050-11-21 08:00:00,-200.67
2050-11-21 09:00:00,-3389.14
2050-11-21 10:00:00,-3980.66
2050-11-21 11:00:00,-4009.92
2050-11-21 12:00:00,-4185.52
2050-11-21 13:00:00,-3579.98
2050-11-21 14:00:00,-2837.35
2050-11-21 15:00:00,-1784.45
2050-11-21 16:00:00,24.03
2050-11-21 17:00:00,-856.72
2050-11-21 18:00:00,-835.18
2050-11-21 19:00:00,-664.14
2050-11-21 20:00:00,-562.0
2050-11-21 21:00:00,-644.67
2050-11-21 22:00:00,-910.59
2050-11-21 23:00:00,-1271.02
2050-11-22 00:00:00,-1690.11
2050-11-22 01:00:00,-1922.12
2050-11-22 02:00:00,-2245.51
2050-11-22 03:00:00,-2444.88
2050-11-22 04:00:00,-2598.22
2050-11-22 05:00:00,-2670.52
2050-11-22 06:00:00,-2613.82
2050-11-22 07:00:00,-2293.16
2050-11-22 08:00:00,-1816.37
2050-11-22 09:00:00,-935.83
2050-11-22 10:00:00,-1915.54
2050-11-22 11:00:00,-1818.98
2050-11-22 12:00:00,-1684.55
2050-11-22 13:00:00,-3410.41
2050-11-22 14:00:00,-3300.25
2050-11-22 15:00:00,-2621.66
2050-11-22 16:00:00,-1434.26
2050-11-22 17:00:00,-1481.06
2050-11-22 18:00:00,-1594.28
2050-11-22 19:00:00,-1560.04
2050-11-22 20:00:00,-1412.84
2050-11-22 21:00:00,-1438.93
2050-11-22 22:00:00,-1647.71
2050-11-22 23:00:00,-2183.98
2050-11-23 00:00:00,-2542.72
2050-11-23 01:00:00,-2667.54
2050-11-23 02:00:00,-2947.04
2050-11-23 03:00:00,-2549.51
2050-11-23 04:00:00,-2174.71
2050-11-23 05:00:00,-1475.16
2050-11-23 06:00:00,-1024.55
2050-11-23 07:00:00,-6161.1
2050-11-23 08:00:00,-3467.51
2050-11-23 09:00:00,-3282.04
2050-11-23 10:00:00,-3498.72
2050-11-23 11:00:00,-2247.05
2050-11-23 12:00:00,-597.4
2050-11-23 13:00:00,-88.6
2050-11-23 14:00:00,-266.65
2050-11-23 15:00:00,122.01
2050-11-23 16:00:00,1306.46
2050-11-23 17:00:00,1820.66
2050-11-23 18:00:00,2039.23
2050-11-23 19:00:00,2266.67
2050-11-23 20:00:00,1816.31
2050-11-23 21:00:00,2234.62
2050-11-23 22:00:00,2268.62
2050-11-23 23:00:00,1672.58
2050-11-24 00:00:00,1570.61
2050-11-24 01:00:00,1831.4
2050-11-24 02:00:00,1692.5
2050-11-24 03:00:00,1603.83
2050-11-24 04:00:00,1151.27
2050-11-24 05:00:00,1557.64
2050-11-24 06:00:00,2411.56
2050-11-24 07:00:00,2364.78
2050-11-24 08:00:00,2350.87
2050-11-24 09:00:00,-494.34
2050-11-24 10:00:00,-1610.95
2050-11-24 11:00:00,-1964.64
2050-11-24 12:00:00,-1803.17
2050-11-24 13:00:00,-1335.52
2050-11-24 14:00:00,-382.16
2050-11-24 15:00:00,1844.89
2050-11-24 16:00:00,2220.03
2050-11-24 17:00:00,2067.54
2050-11-24 18:00:00,2823.13
2050-11-24 19:00:00,2716.68
2050-11-24 20:00:00,2942.46
2050-11-24 21:00:00,2221.24
2050-11-24 22:00:00,2482.65
2050-11-24 23:00:00,1920.83
2050-11-25 00:00:00,2010.83
2050-11-25 01:00:00,862.68
2050-11-25 02:00:00,988.93
2050-11-25 03:00:00,597.21
2050-11-25 04:00:00,1008.89
2050-11-25 05:00:00,1393.65
2050-11-25 06:00:00,2336.3
2050-11-25 07:00:00,2457.49
2050-11-25 08:00:00,1898.82
2050-11-25 09:00:00,2238.5
2050-11-25 10:00:00,2088.92
2050-11-25 11:00:00,1394.11
2050-11-25 12:00:00,2571.27
2050-11-25 13:00:00,2489.03
2050-11-25 14:00:00,2802.5
2050-11-25 15:00:00,2650.63
2050-11-25 16:00:00,3675.99
2050-11-25 17:00:00,4044.05
2050-11-25 18:00:00,4561.5
2050-11-25 19:00:00,4507.05
2050-11-25 20:00:00,4458.92
2050-11-25 21:00:00,4663.48
2050-11-25 22:00:00,4228.51
2050-11-25 23:00:00,3507.3
2050-11-26 00:00:00,2756.77
2050-11-26 01:00:00,2033.4
2050-11-26 02:00:00,1719.39
2050-11-26 03:00:00,1919.57
2050-11-26 04:00:00,1865.6
2050-11-26 05:00:00,1093.08
2050-11-26 06:00:00,831.4
2050-11-26 07:00:00,616.1
2050-11-26 08:00:00,-126.53
2050-11-26 09:00:00,-987.73
2050-11-26 10:00:00,-1392.08
2050-11-26 11:00:00,-703.78
2050-11-26 12:00:00,-784.12
2050-11-26 13:00:00,-1003.59
2050-11-26 14:00:00,-1855.99
2050-11-26 15:00:00,-2359.09
2050-11-26 16:00:00,-1846.14
2050-11-26 17:00:00,-1587.88
2050-11-26 18:00:00,-681.31
2050-11-26 19:00:00,-81.7
2050-11-26 20:00:00,-405.45
2050-11-26 21:00:00,-440.67
2050-11-26 22:00:00,-620.18
2050-11-26 23:00:00,-844.67
2050-11-27 00:00:00,-634.54
2050-11-27 01:00:00,-726.87
2050-11-27 02:00:00,-1096.96
2050-11-27 03:00:00,-864.18
2050-11-27 04:00:00,-667.59
2050-11-27 05:00:00,-270.51
2050-11-27 06:00:00,673.84
2050-11-27 07:00:00,628.18
2050-11-27 08:00:00,-2815.18
2050-11-27 09:00:00,-4323.83
2050-11-27 10:00:00,-3754.06
2050-11-27 11:00:00,-4617.7
2050-11-27 12:00:00,-2760.87
2050-11-27 13:00:00,-1950.32
2050-11-27 14:00:00,-3741.14
2050-11-27 15:00:00,-960.74
2050-11-27 16:00:00,-1032.28
2050-11-27 17:00:00,-1038.41
2050-11-27 18:00:00,-501.4
2050-11-27 19:00:00,-221.72
2050-11-27 20:00:00,-61.38
2050-11-27 21:00:00,-193.95
2050-11-27 22:00:00,-358.22
2050-11-27 23:00:00,-606.62
2050-11-28 00:00:00,-923.03
2050-11-28 01:00:00,-894.81
2050-11-28 02:00:00,-1342.18
2050-11-28 03:00:00,-933.12
2050-11-28 04:00:00,-429.61
2050-11-28 05:00:00,67.96
2050-11-28 06:00:00,-13.16
2050-11-28 07:00:00,273.98
2050-11-28 08:00:00,-2881.32
2050-11-28 09:00:00,-3730.13
2050-11-28 10:00:00,-4008.55
2050-11-28 11:00:00,-4312.2
2050-11-28 12:00:00,-4354.6
2050-11-28 13:00:00,-3991.38
2050-11-28 14:00:00,-3299.34
2050-11-28 15:00:00,-2507.66
2050-11-28 16:00:00,-1691.14
2050-11-28 17:00:00,-1232.11
2050-11-28 18:00:00,-983.44
2050-11-28 19:00:00,-551.43
2050-11-28 20:00:00,-237.51
2050-11-28 21:00:00,-466.54
2050-11-28 22:00:00,-527.63
2050-11-28 23:00:00,-556.11
2050-11-29 00:00:00,-824.14
2050-11-29 01:00:00,-421.85
2050-11-29 02:00:00,-540.44
2050-11-29 03:00:00,-359.16
2050-11-29 04:00:00,221.6
2050-11-29 05:00:00,-29.24
2050-11-29 06:00:00,208.89
2050-11-29 07:00:00,67.16
2050-11-29 08:00:00,-2802.43
2050-11-29 09:00:00,-3581.59
2050-11-29 10:00:00,-3884.1
2050-11-29 11:00:00,-3473.02
2050-11-29 12:00:00,-3385.32
2050-11-29 13:00:00,-3463.29
2050-11-29 14:00:00,-2242.92
2050-11-29 15:00:00,-1317.27
2050-11-29 16:00:00,194.37
2050-11-29 17:00:00,489.67
2050-11-29 18:00:00,1150.36
2050-11-29 19:00:00,1193.69
2050-11-29 20:00:00,1411.82
2050-11-29 21:00:00,672.66
2050-11-29 22:00:00,577.32
2050-11-29 23:00:00,589.81
2050-11-30 00:00:00,976.35
2050-11-30 01:00:00,1396.8
2050-11-30 02:00:00,1543.18
2050-11-30 03:00:00,1504.14
2050-11-30 04:00:00,1760.53
2050-11-30 05:00:00,1830.08
2050-11-30 06:00:00,1965.04
2050-11-30 07:00:00,1676.28
2050-11-30 08:00:00,1019.65
2050-11-30 09:00:00,276.44
2050-11-30 10:00:00,309.27
2050-11-30 11:00:00,-288.86
2050-11-30 12:00:00,-1541.25
2050-11-30 13:00:00,-666.71
2050-11-30 14:00:00,-1042.3
2050-11-30 15:00:00,-1277.47
2050-11-30 16:00:00,-499.53
2050-11-30 17:00:00,-361.27
2050-11-30 18:00:00,92.44
2050-11-30 19:00:00,-598.87
2050-11-30 20:00:00,-1405.01
2050-11-30 21:00:00,-1316.18
2050-11-30 22:00:00,-1310.2
2050-11-30 23:00:00,-1225.95
2050-12-01 00:00:00,-2380.66
2050-12-01 01:00:00,-1364.12
2050-12-01 02:00:00,-2494.14
2050-12-01 03:00:00,-1731.48
2050-12-01 04:00:00,-2675.93
2050-12-01 05:00:00,-3173.14
2050-12-01 06:00:00,-2510.86
2050-12-01 07:00:00,-1851.27
2050-12-01 08:00:00,-5424.69
2050-12-01 09:00:00,-4813.85
2050-12-01 10:00:00,-5238.57
2050-12-01 11:00:00,-5341.81
2050-12-01 12:00:00,-4361.73
2050-12-01 13:00:00,-1587.6
2050-12-01 14:00:00,-1529.03
2050-12-01 15:00:00,-431.99
2050-12-01 16:00:00,-1033.88
2050-12-01 17:00:00,-1177.01
2050-12-01 18:00:00,-903.47
2050-12-01 19:00:00,-1405.6
2050-12-01 20:00:00,-729.6
2050-12-01 21:00:00,-345.65
2050-12-01 22:00:00,156.53
2050-12-01 23:00:00,246.66
2050-12-02 00:00:00,111.81
2050-12-02 01:00:00,411.4
2050-12-02 02:00:00,191.94
2050-12-02 03:00:00,-183.48
2050-12-02 04:00:00,-650.46
2050-12-02 05:00:00,-302.74
2050-12-02 06:00:00,630.45
2050-12-02 07:00:00,632.69
2050-12-02 08:00:00,-1731.6
2050-12-02 09:00:00,-3145.05
2050-12-02 10:00:00,-4100.96
2050-12-02 11:00:00,-4075.01
2050-12-02 12:00:00,-3561.53
2050-12-02 13:00:00,360.87
2050-12-02 14:00:00,-370.7
2050-12-02 15:00:00,-879.29
2050-12-02 16:00:00,-750.15
2050-12-02 17:00:00,-240.2
2050-12-02 18:00:00,-379.14
2050-12-02 19:00:00,-262.22
2050-12-02 20:00:00,-282.23
2050-12-02 21:00:00,-407.89
2050-12-02 22:00:00,-327.2
2050-12-02 23:00:00,180.03
2050-12-03 00:00:00,551.96
2050-12-03 01:00:00,-360.57
2050-12-03 02:00:00,-692.84
2050-12-03 03:00:00,-675.65
2050-12-03 04:00:00,-1375.74
2050-12-03 05:00:00,-1789.13
2050-12-03 06:00:00,-1538.27
2050-12-03 07:00:00,-1650.17
2050-12-03 08:00:00,-4898.72
2050-12-03 09:00:00,-5463.19
2050-12-03 10:00:00,-6012.17
2050-12-03 11:00:00,-6255.95
2050-12-03 12:00:00,-6200.56
2050-12-03 13:00:00,-3566.67
2050-12-03 14:00:00,-3968.92
2050-12-03 15:00:00,-3743.61
2050-12-03 16:00:00,-1872.92
2050-12-03 17:00:00,-1411.46
2050-12-03 18:00:00,-753.37
2050-12-03 19:00:00,-367.27
2050-12-03 20:00:00,-16.25
2050-12-03 21:00:00,-54.9
2050-12-03 22:00:00,321.45
2050-12-03 23:00:00,-154.76
2050-12-04 00:00:00,312.55
2050-12-04 01:00:00,1235.4
2050-12-04 02:00:00,1331.41
2050-12-04 03:00:00,509.74
2050-12-04 04:00:00,691.03
2050-12-04 05:00:00,988.52
2050-12-04 06:00:00,1660.99
2050-12-04 07:00:00,1554.97
2050-12-04 08:00:00,-834.32
2050-12-04 09:00:00,-1187.51
2050-12-04 10:00:00,-985.35
2050-12-04 11:00:00,-1769.65
2050-12-04 12:00:00,-1519.34
2050-12-04 13:00:00,-1209.58
2050-12-04 14:00:00,694.82
2050-12-04 15:00:00,2384.32
2050-12-04 16:00:00,3090.48
2050-12-04 17:00:00,3580.28
2050-12-04 18:00:00,4019.92
2050-12-04 19:00:00,4364.1
2050-12-04 20:00:00,3527.81
2050-12-04 21:00:00,3847.21
2050-12-04 22:00:00,3901.12
2050-12-04 23:00:00,4126.92
2050-12-05 00:00:00,3278.75
2050-12-05 01:00:00,2866.48
2050-12-05 02:00:00,2855.92
2050-12-05 03:00:00,1744.65
2050-12-05 04:00:00,1636.07
2050-12-05 05:00:00,1308.21
2050-12-05 06:00:00,924.88
2050-12-05 07:00:00,1198.52
2050-12-05 08:00:00,1106.72
2050-12-05 09:00:00,668.4
2050-12-05 10:00:00,227.55
2050-12-05 11:00:00,-508.95
2050-12-05 12:00:00,-2725.29
2050-12-05 13:00:00,-2763.32
2050-12-05 14:00:00,-1702.8
2050-12-05 15:00:00,-530.31
2050-12-05 16:00:00,1427.07
2050-12-05 17:00:00,2072.73
2050-12-05 18:00:00,2314.89
2050-12-05 19:00:00,2334.4
2050-12-05 20:00:00,3281.24
2050-12-05 21:00:00,3139.63
2050-12-05 22:00:00,2760.92
2050-12-05 23:00:00,2315.16
2050-12-06 00:00:00,1817.94
2050-12-06 01:00:00,1973.69
2050-12-06 02:00:00,1256.97
2050-12-06 03:00:00,1890.23
2050-12-06 04:00:00,1913.13
2050-12-06 05:00:00,1436.38
2050-12-06 06:00:00,2130.46
2050-12-06 07:00:00,819.89
2050-12-06 08:00:00,246.22
2050-12-06 09:00:00,-613.96
2050-12-06 10:00:00,-838.68
2050-12-06 11:00:00,-498.29
2050-12-06 12:00:00,-1799.29
2050-12-06 13:00:00,-1772.63
2050-12-06 14:00:00,-1032.26
2050-12-06 15:00:00,-1324.42
2050-12-06 16:00:00,-1055.02
2050-12-06 17:00:00,-561.59
2050-12-06 18:00:00,-178.49
2050-12-06 19:00:00,93.58
2050-12-06 20:00:00,237.84
2050-12-06 21:00:00,381.49
2050-12-06 22:00:00,346.51
2050-12-06 23:00:00,-275.37
2050-12-07 00:00:00,-596.96
2050-12-07 01:00:00,-495.51
2050-12-07 02:00:00,-791.24
2050-12-07 03:00:00,-223.72
2050-12-07 04:00:00,150.22
2050-12-07 05:00:00,128.78
2050-12-07 06:00:00,686.69
2050-12-07 07:00:00,955.6
2050-12-07 08:00:00,2106.58
2050-12-07 09:00:00,1804.18
2050-12-07 10:00:00,2437.77
2050-12-07 11:00:00,2439.89
2050-12-07 12:00:00,2231.72
2050-12-07 13:00:00,2404.43
2050-12-07 14:00:00,2139.59
2050-12-07 15:00:00,2501.99
2050-12-07 16:00:00,2699.36
2050-12-07 17:00:00,3585.72
2050-12-07 18:00:00,4282.03
2050-12-07 19:00:00,4021.61
2050-12-07 20:00:00,4643.33
2050-12-07 21:00:00,4587.42
2050-12-07 22:00:00,4339.83
2050-12-07 23:00:00,3734.25
2050-12-08 00:00:00,2947.86
2050-12-08 01:00:00,3015.41
2050-12-08 02:00:00,2907.07
2050-12-08 03:00:00,2901.09
2050-12-08 04:00:00,3447.93
2050-12-08 05:00:00,3821.26
2050-12-08 06:00:00,4228.65
2050-12-08 07:00:00,4227.95
2050-12-08 08:00:00,3762.3
2050-12-08 09:00:00,3070.44
2050-12-08 10:00:00,2443.49
2050-12-08 11:00:00,2826.75
2050-12-08 12:00:00,2297.1
2050-12-08 13:00:00,2941.98
2050-12-08 14:00:00,2887.79
2050-12-08 15:00:00,3193.16
2050-12-08 16:00:00,3460.02
2050-12-08 17:00:00,3787.44
2050-12-08 18:00:00,3678.27
2050-12-08 19:00:00,3796.9
2050-12-08 20:00:00,4455.9
2050-12-08 21:00:00,4001.17
2050-12-08 22:00:00,3161.33
2050-12-08 23:00:00,2707.67
2050-12-09 00:00:00,1907.38
2050-12-09 01:00:00,2326.05
2050-12-09 02:00:00,2530.32
2050-12-09 03:00:00,2606.87
2050-12-09 04:00:00,2971.79
2050-12-09 05:00:00,2988.16
2050-12-09 06:00:00,3261.26
2050-12-09 07:00:00,1678.51
2050-12-09 08:00:00,425.37
2050-12-09 09:00:00,-1869.74
2050-12-09 10:00:00,532.53
2050-12-09 11:00:00,-906.56
2050-12-09 12:00:00,441.48
2050-12-09 13:00:00,136.2
2050-12-09 14:00:00,745.54
2050-12-09 15:00:00,1780.54
2050-12-09 16:00:00,2696.28
2050-12-09 17:00:00,2514.28
2050-12-09 18:00:00,2338.91
2050-12-09 19:00:00,2226.43
2050-12-09 20:00:00,2151.4
2050-12-09 21:00:00,1309.96
2050-12-09 22:00:00,1797.84
2050-12-09 23:00:00,1382.2
2050-12-10 00:00:00,1073.72
2050-12-10 01:00:00,680.3
2050-12-10 02:00:00,256.82
2050-12-10 03:00:00,21.76
2050-12-10 04:00:00,-613.18
2050-12-10 05:00:00,-771.85
2050-12-10 06:00:00,-394.35
2050-12-10 07:00:00,-620.98
2050-12-10 08:00:00,-2032.69
2050-12-10 09:00:00,-3041.12
2050-12-10 10:00:00,-2977.65
2050-12-10 11:00:00,-3584.67
2050-12-10 12:00:00,-635.75
2050-12-10 13:00:00,327.38
2050-12-10 14:00:00,1301.83
2050-12-10 15:00:00,1768.27
2050-12-10 16:00:00,2488.15
2050-12-10 17:00:00,2411.93
2050-12-10 18:00:00,3425.11
2050-12-10 19:00:00,3211.12
2050-12-10 20:00:00,3282.45
2050-12-10 21:00:00,2978.27
2050-12-10 22:00:00,2509.44
2050-12-10 23:00:00,2777.09
2050-12-11 00:00:00,2729.13
2050-12-11 01:00:00,2732.69
2050-12-11 02:00:00,2731.41
2050-12-11 03:00:00,1693.35
2050-12-11 04:00:00,1552.62
2050-12-11 05:00:00,2370.95
2050-12-11 06:00:00,2855.37
2050-12-11 07:00:00,2054.21
2050-12-11 08:00:00,877.07
2050-12-11 09:00:00,-2202.47
2050-12-11 10:00:00,179.71
2050-12-11 11:00:00,-1115.08
2050-12-11 12:00:00,-1992.04
2050-12-11 13:00:00,-696.26
2050-12-11 14:00:00,3.54
2050-12-11 15:00:00,-594.29
2050-12-11 16:00:00,-407.25
2050-12-11 17:00:00,5.27
2050-12-11 18:00:00,19.99
2050-12-11 19:00:00,221.7
2050-12-11 20:00:00,37.47
2050-12-11 21:00:00,-622.84
2050-12-11 22:00:00,-960.81
2050-12-11 23:00:00,-1154.81
2050-12-12 00:00:00,-1452.94
2050-12-12 01:00:00,-1419.01
2050-12-12 02:00:00,-1882.89
2050-12-12 03:00:00,-1447.52
2050-12-12 04:00:00,-976.41
2050-12-12 05:00:00,-803.78
2050-12-12 06:00:00,-791.37
2050-12-12 07:00:00,-1965.44
2050-12-12 08:00:00,-2270.09
2050-12-12 09:00:00,-1302.51
2050-12-12 10:00:00,-562.08
2050-12-12 11:00:00,-554.43
2050-12-12 12:00:00,-569.93
2050-12-12 13:00:00,234.19
2050-12-12 14:00:00,783.44
2050-12-12 15:00:00,570.03
2050-12-12 16:00:00,1015.56
2050-12-12 17:00:00,1138.32
2050-12-12 18:00:00,812.41
2050-12-12 19:00:00,1118.36
2050-12-12 20:00:00,419.28
2050-12-12 21:00:00,-208.37
2050-12-12 22:00:00,-583.23
2050-12-12 23:00:00,-624.6
2050-12-13 00:00:00,-350.46
2050-12-13 01:00:00,-889.95
2050-12-13 02:00:00,-1148.72
2050-12-13 03:00:00,-1232.96
2050-12-13 04:00:00,-928.48
2050-12-13 05:00:00,-618.18
2050-12-13 06:00:00,-347.27
2050-12-13 07:00:00,-424.2
2050-12-13 08:00:00,-1194.43
2050-12-13 09:00:00,-3594.35
2050-12-13 10:00:00,-2961.36
2050-12-13 11:00:00,-709.62
2050-12-13 12:00:00,-1513.38
2050-12-13 13:00:00,-1966.62
2050-12-13 14:00:00,-1331.96
2050-12-13 15:00:00,17.64
2050-12-13 16:00:00,718.92
2050-12-13 17:00:00,1357.12
2050-12-13 18:00:00,1614.61
2050-12-13 19:00:00,1202.21
2050-12-13 20:00:00,833.5
2050-12-13 21:00:00,1188.78
2050-12-13 22:00:00,1360.4
2050-12-13 23:00:00,1062.11
2050-12-14 00:00:00,718.53
2050-12-14 01:00:00,822.4
2050-12-14 02:00:00,894.83
2050-12-14 03:00:00,578.98
2050-12-14 04:00:00,495.79
2050-12-14 05:00:00,375.76
2050-12-14 06:00:00,330.83
2050-12-14 07:00:00,1528.03
2050-12-14 08:00:00,457.4
2050-12-14 09:00:00,-1831.83
2050-12-14 10:00:00,-1932.8
2050-12-14 11:00:00,-2524.4
2050-12-14 12:00:00,-2675.93
2050-12-14 13:00:00,-2405.85
2050-12-14 14:00:00,-1109.75
2050-12-14 15:00:00,-428.79
2050-12-14 16:00:00,357.44
2050-12-14 17:00:00,813.56
2050-12-14 18:00:00,1084.46
2050-12-14 19:00:00,1559.3
2050-12-14 20:00:00,1107.3
2050-12-14 21:00:00,597.83
2050-12-14 22:00:00,435.64
2050-12-14 23:00:00,180.94
2050-12-15 00:00:00,-44.2
2050-12-15 01:00:00,258.81
2050-12-15 02:00:00,-329.94
2050-12-15 03:00:00,-427.21
2050-12-15 04:00:00,666.16
2050-12-15 05:00:00,843.94
2050-12-15 06:00:00,476.62
2050-12-15 07:00:00,234.77
2050-12-15 08:00:00,-413.79
2050-12-15 09:00:00,261.8
2050-12-15 10:00:00,-1130.19
2050-12-15 11:00:00,-1413.72
2050-12-15 12:00:00,-2814.71
2050-12-15 13:00:00,-3088.88
2050-12-15 14:00:00,-1360.34
2050-12-15 15:00:00,-1229.8
2050-12-15 16:00:00,-554.73
2050-12-15 17:00:00,-107.82
2050-12-15 18:00:00,230.32
2050-12-15 19:00:00,516.7
2050-12-15 20:00:00,612.57
2050-12-15 21:00:00,568.84
2050-12-15 22:00:00,356.65
2050-12-15 23:00:00,73.22
2050-12-16 00:00:00,-262.5
2050-12-16 01:00:00,-408.28
2050-12-16 02:00:00,-638.46
2050-12-16 03:00:00,-758.87
2050-12-16 04:00:00,-833.87
2050-12-16 05:00:00,-843.74
2050-12-16 06:00:00,-733.27
2050-12-16 07:00:00,-686.27
2050-12-16 08:00:00,-1785.61
2050-12-16 09:00:00,-1843.11
2050-12-16 10:00:00,-1705.7
2050-12-16 11:00:00,-1656.11
2050-12-16 12:00:00,-4029.53
2050-12-16 13:00:00,-3753.13
2050-12-16 14:00:00,-1119.74
2050-12-16 15:00:00,-478.42
2050-12-16 16:00:00,-746.09
2050-12-16 17:00:00,-409.06
2050-12-16 18:00:00,92.49
2050-12-16 19:00:00,751.22
2050-12-16 20:00:00,349.51
2050-12-16 21:00:00,352.04
2050-12-16 22:00:00,92.91
2050-12-16 23:00:00,-124.24
2050-12-17 00:00:00,-417.73
2050-12-17 01:00:00,-430.82
2050-12-17 02:00:00,-1079.31
2050-12-17 03:00:00,-1178.75
2050-12-17 04:00:00,-1189.54
2050-12-17 05:00:00,-615.44
2050-12-17 06:00:00,-1094.83
2050-12-17 07:00:00,-1052.96
2050-12-17 08:00:00,-1151.22
2050-12-17 09:00:00,-1067.31
2050-12-17 10:00:00,-606.66
2050-12-17 11:00:00,-47.06
2050-12-17 12:00:00,-966.06
2050-12-17 13:00:00,-413.96
2050-12-17 14:00:00,-1470.48
2050-12-17 15:00:00,-1260.37
2050-12-17 16:00:00,101.6
2050-12-17 17:00:00,1128.5
2050-12-17 18:00:00,983.75
2050-12-17 19:00:00,853.0
2050-12-17 20:00:00,953.57
2050-12-17 21:00:00,1613.53
2050-12-17 22:00:00,764.63
2050-12-17 23:00:00,100.14
2050-12-18 00:00:00,103.05
2050-12-18 01:00:00,-737.75
2050-12-18 02:00:00,-1130.97
2050-12-18 03:00:00,-1314.24
2050-12-18 04:00:00,-1381.15
2050-12-18 05:00:00,-1380.03
2050-12-18 06:00:00,-1239.67
2050-12-18 07:00:00,-1207.7
2050-12-18 08:00:00,-1261.91
2050-12-18 09:00:00,-1295.43
2050-12-18 10:00:00,-3164.38
2050-12-18 11:00:00,-1100.16
2050-12-18 12:00:00,-557.43
2050-12-18 13:00:00,-1460.28
2050-12-18 14:00:00,-1692.25
2050-12-18 15:00:00,-1351.11
2050-12-18 16:00:00,-1252.65
2050-12-18 17:00:00,-967.03
2050-12-18 18:00:00,-470.09
2050-12-18 19:00:00,-173.26
2050-12-18 20:00:00,117.58
2050-12-18 21:00:00,-142.37
2050-12-18 22:00:00,-332.47
2050-12-18 23:00:00,-437.76
2050-12-19 00:00:00,-755.28
2050-12-19 01:00:00,-14.07
2050-12-19 02:00:00,-1005.06
2050-12-19 03:00:00,-1026.21
2050-12-19 04:00:00,-529.82
2050-12-19 05:00:00,-508.67
2050-12-19 06:00:00,-596.47
2050-12-19 07:00:00,-419.95
2050-12-19 08:00:00,-541.61
2050-12-19 09:00:00,-1449.83
2050-12-19 10:00:00,-3864.28
2050-12-19 11:00:00,-4293.65
2050-12-19 12:00:00,-3869.3
2050-12-19 13:00:00,-2158.0
2050-12-19 14:00:00,-1772.95
2050-12-19 15:00:00,-730.44
2050-12-19 16:00:00,128.03
2050-12-19 17:00:00,245.59
2050-12-19 18:00:00,455.66
2050-12-19 19:00:00,1248.6
2050-12-19 20:00:00,1487.88
2050-12-19 21:00:00,484.45
2050-12-19 22:00:00,682.76
2050-12-19 23:00:00,713.51
2050-12-20 00:00:00,340.39
2050-12-20 01:00:00,611.17
2050-12-20 02:00:00,853.49
2050-12-20 03:00:00,1173.51
2050-12-20 04:00:00,1673.43
2050-12-20 05:00:00,1969.46
2050-12-20 06:00:00,2368.54
2050-12-20 07:00:00,2370.44
2050-12-20 08:00:00,1166.84
2050-12-20 09:00:00,-994.93
2050-12-20 10:00:00,-832.66
2050-12-20 11:00:00,-570.84
2050-12-20 12:00:00,-246.92
2050-12-20 13:00:00,-109.13
2050-12-20 14:00:00,510.94
2050-12-20 15:00:00,1920.6
2050-12-20 16:00:00,3751.41
2050-12-20 17:00:00,4220.26
2050-12-20 18:00:00,4371.79
2050-12-20 19:00:00,4302.79
2050-12-20 20:00:00,4209.8
2050-12-20 21:00:00,3570.96
2050-12-20 22:00:00,3225.55
2050-12-20 23:00:00,2295.35
2050-12-21 00:00:00,2212.36
2050-12-21 01:00:00,1354.98
2050-12-21 02:00:00,1354.43
2050-12-21 03:00:00,1523.48
2050-12-21 04:00:00,831.05
2050-12-21 05:00:00,355.27
2050-12-21 06:00:00,1404.1
2050-12-21 07:00:00,1301.0
2050-12-21 08:00:00,1379.69
2050-12-21 09:00:00,929.49
2050-12-21 10:00:00,938.39
2050-12-21 11:00:00,658.62
2050-12-21 12:00:00,2657.32
2050-12-21 13:00:00,3290.04
2050-12-21 14:00:00,3228.19
2050-12-21 15:00:00,2936.47
2050-12-21 16:00:00,3595.88
2050-12-21 17:00:00,3883.35
2050-12-21 18:00:00,4157.33
2050-12-21 19:00:00,4390.76
2050-12-21 20:00:00,4331.81
2050-12-21 21:00:00,3958.19
2050-12-21 22:00:00,4665.43
2050-12-21 23:00:00,4428.33
2050-12-22 00:00:00,4373.86
2050-12-22 01:00:00,4319.57
2050-12-22 02:00:00,3802.18
2050-12-22 03:00:00,3444.44
2050-12-22 04:00:00,3501.06
2050-12-22 05:00:00,3167.75
2050-12-22 06:00:00,2756.95
2050-12-22 07:00:00,1254.23
2050-12-22 08:00:00,361.87
2050-12-22 09:00:00,-228.98
2050-12-22 10:00:00,-2393.26
2050-12-22 11:00:00,-3131.38
2050-12-22 12:00:00,-3433.49
2050-12-22 13:00:00,-4617.65
2050-12-22 14:00:00,-4412.53
2050-12-22 15:00:00,-3269.2
2050-12-22 16:00:00,-1529.19
2050-12-22 17:00:00,-1084.91
2050-12-22 18:00:00,-373.07
2050-12-22 19:00:00,37.06
2050-12-22 20:00:00,501.47
2050-12-22 21:00:00,541.81
2050-12-22 22:00:00,919.45
2050-12-22 23:00:00,850.51
2050-12-23 00:00:00,-372.6
2050-12-23 01:00:00,-389.0
2050-12-23 02:00:00,-364.78
2050-12-23 03:00:00,246.06
2050-12-23 04:00:00,-277.02
2050-12-23 05:00:00,-87.39
2050-12-23 06:00:00,1324.51
2050-12-23 07:00:00,2120.17
2050-12-23 08:00:00,1329.21
2050-12-23 09:00:00,-1702.05
2050-12-23 10:00:00,-1723.94
2050-12-23 11:00:00,-1348.75
2050-12-23 12:00:00,-1273.19
2050-12-23 13:00:00,-1393.78
2050-12-23 14:00:00,-1539.21
2050-12-23 15:00:00,-211.55
2050-12-23 16:00:00,1157.55
2050-12-23 17:00:00,1356.28
2050-12-23 18:00:00,2336.41
2050-12-23 19:00:00,1672.37
2050-12-23 20:00:00,2005.89
2050-12-23 21:00:00,2366.02
2050-12-23 22:00:00,1961.98
2050-12-23 23:00:00,1503.86
2050-12-24 00:00:00,1164.55
2050-12-24 01:00:00,862.17
2050-12-24 02:00:00,592.97
2050-12-24 03:00:00,916.29
2050-12-24 04:00:00,533.01
2050-12-24 05:00:00,760.88
2050-12-24 06:00:00,393.83
2050-12-24 07:00:00,-233.82
2050-12-24 08:00:00,-634.85
2050-12-24 09:00:00,567.67
2050-12-24 10:00:00,-677.85
2050-12-24 11:00:00,-1879.24
2050-12-24 12:00:00,-1015.77
2050-12-24 13:00:00,-1466.07
2050-12-24 14:00:00,-1059.07
2050-12-24 15:00:00,-1652.97
2050-12-24 16:00:00,627.84
2050-12-24 17:00:00,1047.22
2050-12-24 18:00:00,1375.6
2050-12-24 19:00:00,2061.84
2050-12-24 20:00:00,1613.97
2050-12-24 21:00:00,1135.98
2050-12-24 22:00:00,529.34
2050-12-24 23:00:00,1230.97
2050-12-25 00:00:00,770.17
2050-12-25 01:00:00,525.31
2050-12-25 02:00:00,-69.91
2050-12-25 03:00:00,-326.04
2050-12-25 04:00:00,-1031.6
2050-12-25 05:00:00,503.65
2050-12-25 06:00:00,1321.78
2050-12-25 07:00:00,1845.54
2050-12-25 08:00:00,-2661.84
2050-12-25 09:00:00,-3171.29
2050-12-25 10:00:00,-3602.91
2050-12-25 11:00:00,-3155.31
2050-12-25 12:00:00,-2867.56
2050-12-25 13:00:00,-2551.05
2050-12-25 14:00:00,-1383.83
2050-12-25 15:00:00,447.2
2050-12-25 16:00:00,2647.1
2050-12-25 17:00:00,3149.02
2050-12-25 18:00:00,3752.93
2050-12-25 19:00:00,3398.88
2050-12-25 20:00:00,3174.67
2050-12-25 21:00:00,2656.79
2050-12-25 22:00:00,2676.99
2050-12-25 23:00:00,2227.68
2050-12-26 00:00:00,2010.97
2050-12-26 01:00:00,1355.07
2050-12-26 02:00:00,599.81
2050-12-26 03:00:00,385.96
2050-12-26 04:00:00,526.42
2050-12-26 05:00:00,409.76
2050-12-26 06:00:00,105.3
2050-12-26 07:00:00,602.09
2050-12-26 08:00:00,271.45
2050-12-26 09:00:00,-1827.81
2050-12-26 10:00:00,175.79
2050-12-26 11:00:00,570.43
2050-12-26 12:00:00,1933.32
2050-12-26 13:00:00,2268.21
2050-12-26 14:00:00,2185.22
2050-12-26 15:00:00,1150.3
2050-12-26 16:00:00,2645.75
2050-12-26 17:00:00,2839.3
2050-12-26 18:00:00,2672.93
2050-12-26 19:00:00,2738.62
2050-12-26 20:00:00,2626.97
2050-12-26 21:00:00,2346.21
2050-12-26 22:00:00,2172.33
2050-12-26 23:00:00,1981.26
2050-12-27 00:00:00,1882.67
2050-12-27 01:00:00,2467.1
2050-12-27 02:00:00,2012.21
2050-12-27 03:00:00,1840.89
2050-12-27 04:00:00,1677.7
2050-12-27 05:00:00,1523.66
2050-12-27 06:00:00,1993.37
2050-12-27 07:00:00,1427.14
2050-12-27 08:00:00,1679.06
2050-12-27 09:00:00,2065.79
2050-12-27 10:00:00,2367.82
2050-12-27 11:00:00,2541.81
2050-12-27 12:00:00,-509.95
2050-12-27 13:00:00,659.36
2050-12-27 14:00:00,485.9
2050-12-27 15:00:00,1876.99
2050-12-27 16:00:00,3584.34
2050-12-27 17:00:00,3794.01
2050-12-27 18:00:00,4723.3
2050-12-27 19:00:00,3829.77
2050-12-27 20:00:00,3463.01
2050-12-27 21:00:00,3064.19
2050-12-27 22:00:00,2868.93
2050-12-27 23:00:00,2088.25
2050-12-28 00:00:00,2511.61
2050-12-28 01:00:00,2548.07
2050-12-28 02:00:00,1546.73
2050-12-28 03:00:00,1764.78
2050-12-28 04:00:00,967.01
2050-12-28 05:00:00,590.54
2050-12-28 06:00:00,5.41
2050-12-28 07:00:00,169.54
2050-12-28 08:00:00,102.59
2050-12-28 09:00:00,-501.77
2050-12-28 10:00:00,-1502.79
2050-12-28 11:00:00,30.35
2050-12-28 12:00:00,-1081.18
2050-12-28 13:00:00,-2290.57
2050-12-28 14:00:00,-1161.01
2050-12-28 15:00:00,-1032.42
2050-12-28 16:00:00,1661.66
2050-12-28 17:00:00,1465.47
2050-12-28 18:00:00,1710.74
2050-12-28 19:00:00,2604.25
2050-12-28 20:00:00,3751.58
2050-12-28 21:00:00,3982.14
2050-12-28 22:00:00,4046.82
2050-12-28 23:00:00,3400.06
2050-12-29 00:00:00,3062.68
2050-12-29 01:00:00,3518.37
2050-12-29 02:00:00,2840.91
2050-12-29 03:00:00,2193.13
2050-12-29 04:00:00,1832.07
2050-12-29 05:00:00,2463.0
2050-12-29 06:00:00,2498.44
2050-12-29 07:00:00,1596.44
2050-12-29 08:00:00,1887.75
2050-12-29 09:00:00,911.67
2050-12-29 10:00:00,1826.0
2050-12-29 11:00:00,1298.77
2050-12-29 12:00:00,1467.65
2050-12-29 13:00:00,1903.13
2050-12-29 14:00:00,1585.31
2050-12-29 15:00:00,1140.98
2050-12-29 16:00:00,954.67
2050-12-29 17:00:00,1800.39
2050-12-29 18:00:00,2150.15
2050-12-29 19:00:00,2698.04
2050-12-29 20:00:00,2623.23
2050-12-29 21:00:00,1952.65
2050-12-29 22:00:00,2471.56
2050-12-29 23:00:00,2437.05
2050-12-30 00:00:00,2839.76
2050-12-30 01:00:00,3218.9
2050-12-30 02:00:00,3053.62
2050-12-30 03:00:00,3179.71
2050-12-30 04:00:00,3125.83
2050-12-30 05:00:00,2986.68
2050-12-30 06:00:00,3202.95
2050-12-30 07:00:00,2755.52
2050-12-30 08:00:00,1412.28
2050-12-30 09:00:00,-1453.62
2050-12-30 10:00:00,-2584.9
2050-12-30 11:00:00,1008.66
2050-12-30 12:00:00,175.3
2050-12-30 13:00:00,-1248.67
2050-12-30 14:00:00,-2559.89
2050-12-30 15:00:00,-145.98
2050-12-30 16:00:00,689.55
2050-12-30 17:00:00,559.88
2050-12-30 18:00:00,1418.4
2050-12-30 19:00:00,1195.0
2050-12-30 20:00:00,129.54
2050-12-30 21:00:00,727.28
2050-12-30 22:00:00,355.26
2050-12-30 23:00:00,-381.36
2050-12-31 00:00:00,-624.36
2050-12-31 01:00:00,410.21
2050-12-31 02:00:00,606.34
2050-12-31 03:00:00,413.87
2050-12-31 04:00:00,801.57
2050-12-31 05:00:00,481.91
2050-12-31 06:00:00,1398.19
2050-12-31 07:00:00,1218.07
2050-12-31 08:00:00,1279.23
2050-12-31 09:00:00,1502.29
2050-12-31 10:00:00,794.43
2050-12-31 11:00:00,237.29
2050-12-31 12:00:00,284.24
2050-12-31 13:00:00,-705.44
2050-12-31 14:00:00,229.45
2050-12-31 15:00:00,203.79
2050-12-31 16:00:00,-333.12
2050-12-31 17:00:00,1001.8
2050-12-31 18:00:00,1096.41
2050-12-31 19:00:00,650.53
2050-12-31 20:00:00,1217.31
2050-12-31 21:00:00,399.14
2050-12-31 22:00:00,-533.56
2050-12-31 23:00:00,-508.81
